0        1         2         3         4         5         6         7         8         9
123456789-123456789-123456789-123456789-123456789-123456789-123456789-123456789-123456789-
$ lblrtm 1994/06/24 SPECTRE excercise Coffeyville, KS: case1
 HI=0 F4=0 CN=0 AE 0 EM=0 SC=0 FI=0 PL=0 TS=0 AM=1 MG=0 LA=0 OD=0 XS=0   00   00    3    0   00
290.93
    0    2   32    1    1    7    0                                   350.000   
0.000     50.000  
     0.000     0.060     0.200     0.500     0.750     1.000     1.500     2.000
     3.000     4.000     5.000     6.000     7.000     8.000     9.000    10.000
    11.000    12.000    13.000    14.000    15.000    16.000    17.000    18.000
    19.000    20.000    25.000    30.000    35.000    40.000    45.000    50.000
   49 SPECTRE ICRCCM experiment profile sonde, ozone sonde, raman, RASS
     0.000   973.60     17.78      AB   CAAAAA6
 6.491E+00 3.614E+02 2.668E-02 3.089E-01 1.892E-01 1.836E+00
     0.060   966.77     18.17      AB   CAAAAA6
 6.267E+00 3.611E+02 3.420E-02 3.089E-01 1.872E-01 1.830E+00
     0.187   949.70     18.90      AB   CAAAAA6
 5.793E+00 3.605E+02 3.627E-02 3.088E-01 1.830E-01 1.818E+00
     0.365   932.90     18.42      AB   CAAAAA6
 5.677E+00 3.597E+02 3.805E-02 3.088E-01 1.772E-01 1.801E+00
     0.585   909.07     16.84      AB   CAAAAA6
 5.581E+00 3.587E+02 4.082E-02 3.087E-01 1.699E-01 1.779E+00
     0.843   881.68     15.08      AB   CAAAAA6
 5.908E+00 3.575E+02 4.450E-02 3.087E-01 1.614E-01 1.754E+00
     1.138   851.28     12.31      AB   CAAAAA6
 5.770E+00 3.562E+02 4.366E-02 3.086E-01 1.517E-01 1.726E+00
     1.466   818.37      9.53      AB   CAAAAA6
 5.642E+00 3.550E+02 4.430E-02 3.085E-01 1.430E-01 1.700E+00
     1.825   783.38      6.54      AB   CAAAAA6
 4.637E+00 3.550E+02 4.614E-02 3.084E-01 1.430E-01 1.700E+00
     2.214   746.83      4.27      AB   CAAAAA6
 4.045E+00 3.550E+02 4.679E-02 3.083E-01 1.430E-01 1.700E+00
     2.633   709.20      2.48      AB   CAAAAA6
 2.856E+00 3.550E+02 4.825E-02 3.081E-01 1.430E-01 1.700E+00
     3.079   670.77     -1.26      AB   CAAAAA6
 2.565E+00 3.550E+02 4.993E-02 3.080E-01 1.430E-01 1.700E+00
     3.552   631.92     -3.04      AB   CAAAAA6
 1.519E+00 3.550E+02 4.784E-02 3.079E-01 1.430E-01 1.700E+00
     4.051   593.00     -6.32      AB   CAAAAA6
 1.183E+00 3.550E+02 5.202E-02 3.077E-01 1.430E-01 1.700E+00
     4.575   554.20    -10.58      AB   CAAAAA6
 1.337E+00 3.550E+02 5.180E-02 3.076E-01 1.430E-01 1.700E+00
     5.124   515.72    -13.36      AB   CAAAAA6
 5.216E-01 3.550E+02 5.903E-02 3.074E-01 1.430E-01 1.700E+00
     5.697   478.14    -16.29      AB   CAAAAA6
 2.038E-01 3.550E+02 6.248E-02 3.072E-01 1.430E-01 1.700E+00
     6.293   441.40    -19.26      AB   CAAAAA6
 1.208E-01 3.550E+02 6.563E-02 3.071E-01 1.430E-01 1.700E+00
     6.912   405.77    -23.43      AB   CAAAAA6
 1.178E-01 3.550E+02 7.040E-02 3.069E-01 1.430E-01 1.700E+00
     7.554   371.29    -28.79      AB   CAAAAA6
 1.166E-01 3.550E+02 7.204E-02 3.067E-01 1.430E-01 1.700E+00
     8.218   338.09    -30.69      AB   CAAAAA6
 8.304E-02 3.550E+02 6.736E-02 3.065E-01 1.430E-01 1.700E+00
     8.904   306.63    -35.98      AB   CAAAAA6
 2.469E-02 3.550E+02 6.977E-02 3.063E-01 1.430E-01 1.700E+00
     9.611   276.65    -40.14      AB   CAAAAA6
 3.628E-02 3.550E+02 7.325E-02 3.061E-01 1.430E-01 1.700E+00
    10.338   248.40    -44.61      AB   CAAAAA6
 3.036E-02 3.550E+02 7.557E-02 3.060E-01 1.430E-01 1.700E+00
    11.087   222.13    -44.99      AB   CAAAAA6
 6.910E-03 3.550E+02 6.632E-02 3.060E-01 1.430E-01 1.700E+00
    11.856   197.93    -46.07      AB   CAAAAA6
 4.290E-03 3.550E+02 3.936E-02 3.060E-01 1.430E-01 1.700E+00
    12.644   175.49    -50.72      AB   CAAAAA6
 3.380E-03 3.550E+02 4.543E-02 3.060E-01 1.430E-01 1.700E+00
    13.453   154.72    -56.96      AB   CAAAAA6
 3.070E-03 3.550E+02 5.135E-02 3.060E-01 1.430E-01 1.700E+00
    14.281   135.60    -59.70      AB   CAAAAA6
 2.960E-03 3.550E+02 6.641E-02 3.060E-01 1.430E-01 1.700E+00
    15.128   118.15    -66.43      AB   CAAAAA6
 2.920E-03 3.550E+02 9.117E-02 3.060E-01 1.430E-01 1.700E+00
    15.994   102.10    -67.20      AB   CAAAAA6
 2.860E-03 3.550E+02 1.853E-01 3.060E-01 1.430E-01 1.700E+00
    16.879    88.25    -63.40      AB   CAAAAA6
 2.810E-03 3.550E+02 4.768E-01 3.060E-01 1.430E-01 1.700E+00
    17.783    75.91    -64.95      AB   CAAAAA6
 2.810E-03 3.550E+02 9.969E-01 3.060E-01 1.430E-01 1.700E+00
    18.704    65.10    -66.08      AB   CAAAAA6
 2.800E-03 3.550E+02 1.345E+00 3.060E-01 1.430E-01 1.700E+00
    19.644    55.78    -61.29      AB   CAAAAA6
 2.790E-03 3.550E+02 1.631E+00 3.060E-01 1.430E-01 1.700E+00
    20.602    47.61    -59.28      AB   CAAAAA6
 2.790E-03 3.550E+02 2.336E+00 3.060E-01 1.430E-01 1.700E+00
    21.577    40.47    -59.90      AB   CAAAAA6
 2.800E-03 3.550E+02 2.839E+00 3.060E-01 1.430E-01 1.700E+00
    22.570    34.38    -55.47      AB   CAAAAA6
 2.830E-03 3.550E+02 3.931E+00 3.060E-01 1.430E-01 1.700E+00
    23.581    29.06    -55.80      AB   CAAAAA6
 2.840E-03 3.550E+02 4.570E+00 3.060E-01 1.430E-01 1.700E+00
    24.609    24.51    -54.13      AB   CAAAAA6
 2.880E-03 3.550E+02 5.241E+00 3.060E-01 1.430E-01 1.700E+00
    25.653    20.58    -56.41      AB   CAAAAA6
 2.890E-03 3.550E+02 5.729E+00 3.060E-01 1.430E-01 1.700E+00
    26.715    17.29    -51.24      AB   CAAAAA6
 2.910E-03 3.550E+02 6.049E+00 3.060E-01 1.430E-01 1.700E+00
    27.793    14.47    -49.44      AB   CAAAAA6
 2.930E-03 3.550E+02 6.491E+00 3.060E-01 1.430E-01 1.700E+00
    28.888    12.06    -49.80      AB   CAAAAA6
 2.930E-03 3.550E+02 6.232E+00 3.060E-01 1.430E-01 1.700E+00
    30.000    10.02    -50.51      AB   CAAAAA6
 2.960E-03 3.550E+02 6.852E+00 3.060E-01 1.430E-01 1.700E+00
    35.000                         66   6666666    
     0.000    
    40.000                         66   6666666    
     0.000    
    45.000                         66   6666666    
     0.000    
    50.000                         66   6666666    
     0.000    
%%%%%

