    1
   12    1    0    0
    10.0005 0.0005 0.0005 0.0015 0.0015 0.0015 0.0015 0.0015 0.0015 0.0015 0.0015 0.0005 0.0005 0.0005 0.0005 0.0005 
    20.0020 0.0020 0.0020 0.0035 0.0035 0.0035 0.0035 0.0035 0.0035 0.0035 0.0035 0.0020 0.0020 0.0020 0.0020 0.0020 
    30.0040 0.0040 0.0040 0.0070 0.0070 0.0070 0.0070 0.0070 0.0070 0.0070 0.0070 0.0040 0.0040 0.0040 0.0040 0.0040 
    40.0040 0.0040 0.0040 0.0070 0.0070 0.0070 0.0070 0.0070 0.0070 0.0070 0.0070 0.0040 0.0040 0.0040 0.0040 0.0040 
    50.0080 0.0080 0.0080 0.0140 0.0140 0.0140 0.0140 0.0140 0.0140 0.0140 0.0140 0.0080 0.0080 0.0080 0.0080 0.0080 
    60.0080 0.0080 0.0080 0.0140 0.0140 0.0140 0.0140 0.0140 0.0140 0.0140 0.0140 0.0080 0.0080 0.0080 0.0080 0.0080 
    70.0080 0.0080 0.0080 0.0140 0.0140 0.0140 0.0140 0.0140 0.0140 0.0140 0.0140 0.0080 0.0080 0.0080 0.0080 0.0080 
    80.0080 0.0080 0.0080 0.0140 0.0140 0.0140 0.0140 0.0140 0.0140 0.0140 0.0140 0.0080 0.0080 0.0080 0.0080 0.0080 
    90.0040 0.0040 0.0040 0.0070 0.0070 0.0070 0.0070 0.0070 0.0070 0.0070 0.0070 0.0040 0.0040 0.0040 0.0040 0.0040 
   100.0040 0.0040 0.0040 0.0070 0.0070 0.0070 0.0070 0.0070 0.0070 0.0070 0.0070 0.0040 0.0040 0.0040 0.0040 0.0040 
   110.0020 0.0020 0.0020 0.0035 0.0035 0.0035 0.0035 0.0035 0.0035 0.0035 0.0035 0.0020 0.0020 0.0020 0.0020 0.0020 
   120.0005 0.0005 0.0005 0.0015 0.0015 0.0015 0.0015 0.0015 0.0015 0.0015 0.0015 0.0005 0.0005 0.0005 0.0005 0.0005 
