 Wavenumbers:   10.0 - 3250.0 cm-1, ATM      1
 LEVEL    PRESSURE   UPWARD FLUX   DOWNWARD FLUX    NET FLUX       HEATING RATE
             mb          W/m2          W/m2           W/m2          degree/day
  31        0.7978     281.4387        0.0000       281.4386844            0.00000
  30        1.491      281.1832        1.2572       279.9260003          -18.41570
  29        2.871      280.7186        2.2241       278.4945274           -8.75392
  28        5.746      280.1258        3.2070       276.9188183           -4.62527
  27       10.02       279.6636        4.3690       275.2945472           -3.20717
  26       22.96       279.7909        6.5779       273.2129641           -1.35786
  25       52.59       280.9428       10.3930       270.5497924           -0.75840
  24       62.01       281.2727       11.0368       270.2358819           -0.28133
  23       73.21       282.1394       11.6665       270.4729383            0.17857
  22       86.49       283.0290       12.6917       270.3372159           -0.08627
  21      102.0        283.5606       13.4678       270.0928025           -0.13298
  20      120.6        284.9269       14.5154       270.4115572            0.14434
  19      141.8        286.7460       16.7503       269.9956733           -0.16577
  18      166.0        288.7579       19.5624       269.1954733           -0.27883
  17      193.6        290.7860       23.5346       267.2513575           -0.59449
  16      225.0        292.1761       27.9540       264.2220813           -0.81396
  15      261.2        295.0800       36.1949       258.8851269           -1.24682
  14      302.4        299.5707       46.4196       253.1511001           -1.17396
  13      348.6        304.7904       59.7974       244.9929467           -1.48786
  12      400.9        311.8532       76.6324       235.2208046           -1.57950
  11      459.1        318.8339       93.5286       225.3052367           -1.43694
  10      524.2        326.6682      117.8460       208.8221634           -2.13755
   9      596.9        340.0745      155.2744       184.8001293           -2.78873
   8      677.4        353.0328      189.5471       163.4856370           -2.23291
   7      766.7        370.4234      229.0308       141.3926150           -2.08789
   6      815.0        382.2062      250.8742       131.3319165           -1.75896
   5      865.4        395.6937      274.8351       120.8585378           -1.75446
   4      891.5        401.6718      286.6555       115.0163132           -1.88986
   3      918.2        406.3480      297.0937       109.2542630           -1.81801
   2      948.5        408.7742      308.0244       100.7498021           -2.37188
   1      966.8        406.8820      310.1877        96.6942403           -1.86952
   0      973.6        406.2205      310.6400        95.5805160           -1.37612

  Modules and versions used in this calculation:

       rrtmg_lw.1col.f90:  $Revision: 1.10 $             rrtmg_lw_init.f90:  $Revision: 1.6 $  
     rrtmglw_cldprop.f90:  $Revision: 1.9 $            rrtmglw_cldprmc.f90:  NOT USED          
       rrtmg_lw_rtrn.f90:  NOT USED                    rrtmg_lw_rtrnmr.f90:  $Revision: 1.7 $  
     rrtmg_lw_rtrnmc.f90:  NOT USED                    rrtmglw_setcoef.f90:  $Revision: 1.6 $  
     rrtmg_lw_taumol.f90:  $Revision: 1.8 $                       rrtatm.f:  NOT USED          
              util_xxx.f:  NOT USED                                extra.f:  NOT USED          
        rrtmg_lw_k_g.f90:  $Revision: 1.4 $  
