 Wavenumbers:   10.0 - 3250.0 cm-1, ATM      1
 LEVEL    PRESSURE   UPWARD FLUX   DOWNWARD FLUX    NET FLUX       HEATING RATE
             mb          W/m2          W/m2           W/m2          degree/day
  51         .06700    241.7780        0.0000       241.7780365            0.00000
  50         .07753    241.7869        0.0373       241.7495375          -22.84232
  49         .09103    241.7977        0.0572       241.7405113           -5.64166
  48        0.1069     241.8097        0.0799       241.7298023           -5.70045
  47        0.1255     241.8227        0.1062       241.7165261           -6.01879
  46        0.1487     241.8375        0.1394       241.6981477           -6.69912
  45        0.1794     241.8556        0.1829       241.6726906           -6.98857
  44        0.2165     241.8750        0.2336       241.6413800           -7.12261
  43        0.2613     241.8944        0.2934       241.6009746           -7.61625
  42        0.3336     241.9178        0.3896       241.5282448           -8.47958
  41        0.4307     241.9392        0.5140       241.4251032           -8.96793
  40        0.5894     241.9467        0.7165       241.2301698          -10.36631
  39        1.339      241.7724        1.6011       240.1713186          -11.92074
  38        1.782      241.5898        2.0122       239.5775426          -11.30454
  37        2.292      241.3981        2.3938       239.0042849           -9.49464
  36        2.964      241.1781        2.7952       238.3828746           -7.80058
  35        3.853      240.9254        3.2248       237.7005693           -6.47520
  34        5.035      240.6415        3.7099       236.9315278           -5.49371
  33        6.613      240.3306        4.2915       236.0390367           -4.77126
  32        8.786      240.0038        4.9863       235.0174709           -3.96739
  31       11.80       239.6726        5.8304       233.8421535           -3.29052
  30       15.07       239.4184        6.5939       232.8245105           -2.62736
  29       18.79       239.2324        7.3401       231.8922549           -2.11371
  28       23.16       239.1250        8.1511       230.9738616           -1.77588
  27       28.12       239.0589        9.0191       230.0397849           -1.58787
  26       33.73       239.0355        9.9071       229.1284213           -1.37026
  25       40.54       239.0406       10.8765       228.1640774           -1.19638
  24       48.69       239.0912       11.8885       227.2027178           -0.99486
  23       57.69       239.1921       12.8395       226.3525592           -0.79690
  22       68.43       239.3625       13.7840       225.5785310           -0.60849
  21       81.20       239.6134       14.7195       224.8938531           -0.45242
  20       96.49       239.9805       15.6607       224.3198231           -0.31682
  19      114.6        240.6029       16.8018       223.8011155           -0.24220
  18      136.5        241.4247       18.1439       223.2808172           -0.20007
  17      162.9        242.6628       19.9266       222.7362286           -0.17407
  16      196.4        245.3592       23.6944       221.6647678           -0.26970
  15      218.7        247.6029       28.7747       218.8281988           -1.07694
  14      243.0        250.2990       36.5680       213.7310164           -1.76787
  13      269.0        253.4978       46.9738       206.5239126           -2.33795
  12      297.5        268.8793       75.3458       193.5334592           -3.85283
  11      328.5        288.1422       98.5147       189.6274802           -1.06202
  10      361.9        293.6927      109.4771       184.2156623           -1.36924
   9      398.1        299.9075      121.7834       178.1241812           -1.41918
   8      437.6        306.8580      135.6541       171.2039350           -1.47959
   7      480.5        314.4183      151.0058       163.4125542           -1.53020
   6      533.0        323.4592      170.1601       153.2991113           -1.62693
   5      589.8        333.0619      191.5754       141.4864894           -1.75338
   4      651.6        352.0392      254.0755        97.9636854           -5.95186
   3      718.7        377.2797      287.2920        89.9877109           -1.00236
   2      792.3        391.5723      309.3220        82.2502950           -0.88739
   1      891.5        407.6944      337.8713        69.8230816           -1.05750
   0     1013.0        424.7960      374.7519        50.0441330           -1.37335

 Wavenumbers:   10.0 -  350.0 cm-1, ATM      1
 LEVEL    PRESSURE   UPWARD FLUX   DOWNWARD FLUX    NET FLUX       HEATING RATE
             mb          W/m2          W/m2           W/m2          degree/day
  51         .06700     35.2918        0.0000        35.2917822            0.00000
  50         .07753     35.2922        0.0038        35.2884343           -2.68338
  49         .09103     35.2927        0.0061        35.2866107           -1.13985
  48        0.1069      35.2932        0.0085        35.2847021           -1.01592
  47        0.1255      35.2937        0.0112        35.2825315           -0.98405
  46        0.1487      35.2943        0.0144        35.2798918           -0.96221
  45        0.1794      35.2950        0.0183        35.2767313           -0.86764
  44        0.2165      35.2957        0.0221        35.2736292           -0.70567
  43        0.2613      35.2964        0.0258        35.2706120           -0.56873
  42        0.3336      35.2972        0.0306        35.2666305           -0.46421
  41        0.4307      35.2979        0.0358        35.2621209           -0.39210
  40        0.5894      35.2983        0.0444        35.2538419           -0.44027
  39        1.339       35.2934        0.0955        35.1979673           -0.62905
  38        1.782       35.2878        0.1270        35.1607776           -0.70803
  37        2.292       35.2814        0.1597        35.1217322           -0.64669
  36        2.964       35.2737        0.1947        35.0789692           -0.53680
  35        3.853       35.2643        0.2305        35.0338095           -0.42857
  34        5.035       35.2530        0.2699        34.9830999           -0.36225
  33        6.613       35.2394        0.3219        34.9175449           -0.35046
  32        8.786       35.2231        0.3979        34.8251810           -0.35871
  31       11.80        35.2036        0.5109        34.6927195           -0.37085
  30       15.07        35.1858        0.6276        34.5582478           -0.34718
  29       18.79        35.1695        0.7523        34.4172002           -0.31980
  28       23.16        35.1550        0.8968        34.2581891           -0.30748
  27       28.12        35.1406        1.0638        34.0767453           -0.30844
  26       33.73        35.1271        1.2481        33.8789736           -0.29735
  25       40.54        35.1130        1.4615        33.6514762           -0.28224
  24       48.69        35.0992        1.6950        33.4042358           -0.25586
  23       57.69        35.0880        1.9267        33.1612826           -0.22773
  22       68.43        35.0798        2.1756        32.9042015           -0.20210
  21       81.20        35.0781        2.4484        32.6296375           -0.18143
  20       96.49        35.0880        2.7614        32.3265739           -0.16727
  19      114.6         35.1134        3.1589        31.9545097           -0.17373
  18      136.5         35.1524        3.6902        31.4621760           -0.18931
  17      162.9         35.2334        4.5783        30.6550402           -0.25799
  16      196.4         35.5225        6.5995        28.9229959           -0.43598
  15      218.7         35.8713        9.3903        26.4809447           -0.92716
  14      243.0         36.3875       13.7864        22.6011484           -1.34564
  13      269.0         37.0792       19.5865        17.4927467           -1.65714
  12      297.5         38.1279       27.1645        10.9633866           -1.93654
  11      328.5         39.2913       32.2192         7.0720340           -1.05805
  10      361.9         40.4153       35.5882         4.8271137           -0.56799
   9      398.1         41.6110       38.6539         2.9570431           -0.43568
   8      437.6         42.8735       41.3014         1.5721177           -0.29611
   7      480.5         44.1717       43.4354         0.7363444           -0.16414
   6      533.0         45.6078       45.2860         0.3218436           -0.06668
   5      589.8         47.0600       46.8913         0.1686704           -0.02274
   4      651.6         48.5484       48.4572         0.0911979           -0.01059
   3      718.7         50.0560       50.0027         0.0533353           -0.00476
   2      792.3         51.5742       51.5458         0.0284187           -0.00286
   1      891.5         53.0588       53.0461         0.0127093           -0.00134
   0     1013.0         54.6470       54.6426         0.0044458           -0.00057

 Wavenumbers:  350.0 -  500.0 cm-1, ATM      1
 LEVEL    PRESSURE   UPWARD FLUX   DOWNWARD FLUX    NET FLUX       HEATING RATE
             mb          W/m2          W/m2           W/m2          degree/day
  51         .06700     41.4341        0.0000        41.4340847            0.00000
  50         .07753     41.4342        0.0002        41.4340277           -0.04573
  49         .09103     41.4343        0.0004        41.4339229           -0.06551
  48        0.1069      41.4344        0.0007        41.4337546           -0.08960
  47        0.1255      41.4346        0.0011        41.4334962           -0.11713
  46        0.1487      41.4348        0.0017        41.4330731           -0.15421
  45        0.1794      41.4351        0.0027        41.4323632           -0.19489
  44        0.2165      41.4353        0.0040        41.4313522           -0.23000
  43        0.2613      41.4356        0.0057        41.4299465           -0.26496
  42        0.3336      41.4360        0.0087        41.4273077           -0.30766
  41        0.4307      41.4363        0.0127        41.4236216           -0.32049
  40        0.5894      41.4365        0.0189        41.4176197           -0.31917
  39        1.339       41.4340        0.0357        41.3982970           -0.21754
  38        1.782       41.4315        0.0399        41.3916341           -0.12685
  37        2.292       41.4290        0.0430        41.3860220           -0.09295
  36        2.964       41.4263        0.0466        41.3797628           -0.07857
  35        3.853       41.4233        0.0513        41.3720444           -0.07325
  34        5.035       41.4200        0.0579        41.3621628           -0.07059
  33        6.613       41.4163        0.0668        41.3494433           -0.06800
  32        8.786       41.4121        0.0787        41.3333635           -0.06245
  31       11.80        41.4074        0.0948        41.3126749           -0.05792
  30       15.07        41.4034        0.1103        41.2930988           -0.05054
  29       18.79        41.3999        0.1256        41.2742436           -0.04275
  28       23.16        41.3967        0.1415        41.2551876           -0.03685
  27       28.12        41.3936        0.1580        41.2355890           -0.03332
  26       33.73        41.3905        0.1746        41.2159684           -0.02950
  25       40.54        41.3873        0.1930        41.1943166           -0.02686
  24       48.69        41.3839        0.2132        41.1707495           -0.02439
  23       57.69        41.3807        0.2342        41.1465566           -0.02268
  22       68.43        41.3775        0.2583        41.1191761           -0.02152
  21       81.20        41.3738        0.2868        41.0870549           -0.02123
  20       96.49        41.3675        0.3217        41.0458067           -0.02277
  19      114.6         41.3733        0.3558        41.0175076           -0.01321
  18      136.5         41.3819        0.4078        40.9740961           -0.01669
  17      162.9         41.3996        0.5015        40.8981199           -0.02429
  16      196.4         41.4584        0.7544        40.7039788           -0.04887
  15      218.7         41.5441        1.2557        40.2884332           -0.15777
  14      243.0         41.7004        2.2552        39.4451801           -0.29247
  13      269.0         41.9573        3.7481        38.2092433           -0.40093
  12      297.5         43.0098        8.3312        34.6785464           -1.04717
  11      328.5         44.1877       12.7430        31.4447143           -0.87927
  10      361.9         44.8645       15.4430        29.4215284           -0.51189
   9      398.1         45.6784       18.6815        26.9969398           -0.56487
   8      437.6         46.6493       22.6384        24.0108284           -0.63845
   7      480.5         47.7479       27.2551        20.4928051           -0.69093
   6      533.0         49.1123       33.1750        15.9373494           -0.73283
   5      589.8         50.6067       39.5433        11.0634091           -0.72345
   4      651.6         52.4072       46.8511         5.5560513           -0.75315
   3      718.7         54.4792       52.2765         2.2027150           -0.42142
   2      792.3         56.5252       55.6250         0.9002145           -0.14938
   1      891.5         58.6813       58.3810         0.3002265           -0.05106
   0     1013.0         61.0163       60.9178         0.0985031           -0.01401

 Wavenumbers:  500.0 -  630.0 cm-1, ATM      1
 LEVEL    PRESSURE   UPWARD FLUX   DOWNWARD FLUX    NET FLUX       HEATING RATE
             mb          W/m2          W/m2           W/m2          degree/day
  51         .06700     36.5901        0.0000        36.5901449            0.00000
  50         .07753     36.5907        0.0011        36.5895750           -0.45684
  49         .09103     36.5913        0.0026        36.5887475           -0.51717
  48        0.1069      36.5921        0.0044        36.5876657           -0.57585
  47        0.1255      36.5929        0.0066        36.5862733           -0.63125
  46        0.1487      36.5938        0.0095        36.5843361           -0.70615
  45        0.1794      36.5949        0.0133        36.5816201           -0.74559
  44        0.2165      36.5961        0.0178        36.5783552           -0.74271
  43        0.2613      36.5973        0.0229        36.5743702           -0.75115
  42        0.3336      36.5986        0.0309        36.5677310           -0.77407
  41        0.4307      36.5998        0.0407        36.5590757           -0.75256
  40        0.5894      36.5999        0.0559        36.5440060           -0.80139
  39        1.339       36.5876        0.1155        36.4720832           -0.80972
  38        1.782       36.5765        0.1394        36.4371013           -0.66600
  37        2.292       36.5654        0.1602        36.4052905           -0.52687
  36        2.964       36.5532        0.1822        36.3709622           -0.43092
  35        3.853       36.5395        0.2075        36.3319749           -0.37000
  34        5.035       36.5243        0.2375        36.2867694           -0.32293
  33        6.613       36.5076        0.2731        36.2344139           -0.27989
  32        8.786       36.4894        0.3150        36.1744171           -0.23301
  31       11.80        36.4699        0.3668        36.1030970           -0.19967
  30       15.07        36.4539        0.4163        36.0375661           -0.16919
  29       18.79        36.4408        0.4669        35.9739211           -0.14430
  28       23.16        36.4308        0.5231        35.9077628           -0.12793
  27       28.12        36.4224        0.5855        35.8369239           -0.12042
  26       33.73        36.4161        0.6531        35.7629436           -0.11123
  25       40.54        36.4113        0.7331        35.6782768           -0.10504
  24       48.69        36.4096        0.8259        35.5837515           -0.09782
  23       57.69        36.4127        0.9246        35.4880958           -0.08966
  22       68.43        36.4232        1.0378        35.3853346           -0.08078
  21       81.20        36.4458        1.1670        35.2788749           -0.07035
  20       96.49        36.4899        1.3129        35.1770628           -0.05619
  19      114.6         36.5609        1.4953        35.0655280           -0.05208
  18      136.5         36.6619        1.7049        34.9570396           -0.04172
  17      162.9         36.8164        1.9475        34.8689346           -0.02816
  16      196.4         37.1070        2.3013        34.8056984           -0.01592
  15      218.7         37.3308        2.6522        34.6785892           -0.04826
  14      243.0         37.5977        3.1664        34.4313708           -0.08574
  13      269.0         37.9136        3.9012        34.0124654           -0.13589
  12      297.5         39.7221        8.5108        31.2113545           -0.83078
  11      328.5         41.9069       12.3356        29.5713124           -0.44592
  10      361.9         42.5444       13.6958        28.8485687           -0.18286
   9      398.1         43.2789       15.4453        27.8336254           -0.23646
   8      437.6         44.1229       17.6857        26.4371797           -0.29857
   7      480.5         45.0608       20.4752        24.5856579           -0.36363
   6      533.0         46.2181       24.3985        21.8195556           -0.44498
   5      589.8         47.4426       29.2395        18.2030582           -0.53681
   4      651.6         49.4816       39.5648         9.9168108           -1.13317
   3      718.7         51.9389       45.6368         6.3020953           -0.45427
   2      792.3         53.9555       50.1896         3.7659080           -0.29087
   1      891.5         56.2720       54.8321         1.4399581           -0.19793
   0     1013.0         58.7644       58.3599         0.4044706           -0.07190

 Wavenumbers:  630.0 -  700.0 cm-1, ATM      1
 LEVEL    PRESSURE   UPWARD FLUX   DOWNWARD FLUX    NET FLUX       HEATING RATE
             mb          W/m2          W/m2           W/m2          degree/day
  51         .06700     12.0386        0.0000        12.0386332            0.00000
  50         .07753     12.0448        0.0298        12.0149522          -18.98073
  49         .09103     12.0522        0.0430        12.0091460           -3.62905
  48        0.1069      12.0603        0.0581        12.0021727           -3.71189
  47        0.1255      12.0689        0.0752        11.9937052           -3.83877
  46        0.1487      12.0786        0.0963        11.9822397           -4.17928
  45        0.1794      12.0901        0.1235        11.9666227           -4.28725
  44        0.2165      12.1024        0.1548        11.9475704           -4.33406
  43        0.2613      12.1146        0.1915        11.9230386           -4.62415
  42        0.3336      12.1292        0.2501        11.8791836           -5.11306
  41        0.4307      12.1429        0.3250        11.8178897           -5.32936
  40        0.5894      12.1487        0.4445        11.7041180           -6.05024
  39        1.339       12.0650        0.9445        11.1204702           -6.57081
  38        1.782       11.9703        1.1701        10.8002031           -6.09737
  37        2.292       11.8707        1.3762        10.4945443           -5.06251
  36        2.964       11.7569        1.5848        10.1720734           -4.04799
  35        3.853       11.6259        1.7947         9.8311820           -3.23512
  34        5.035       11.4761        2.0249         9.4511661           -2.71468
  33        6.613       11.3056        2.3123         8.9932858           -2.44783
  32        8.786       11.1139        2.6739         8.4400614           -2.14852
  31       11.80        10.8999        3.1238         7.7761777           -1.85867
  30       15.07        10.7139        3.5310         7.1828727           -1.53180
  29       18.79        10.5494        3.9284         6.6210173           -1.27390
  28       23.16        10.4139        4.3594         6.0544866           -1.09549
  27       28.12        10.2831        4.8106         5.4724840           -0.98937
  26       33.73        10.1617        5.2630         4.8987785           -0.86258
  25       40.54        10.0305        5.7459         4.2845631           -0.76200
  24       48.69         9.8902        6.2328         3.6574608           -0.64895
  23       57.69         9.7545        6.6671         3.0873302           -0.53441
  22       68.43         9.6161        7.0625         2.5536514           -0.41954
  21       81.20         9.5021        7.4119         2.0902132           -0.30623
  20       96.49         9.4418        7.7074         1.7344389           -0.19636
  19      114.6          9.4805        8.0323         1.4481686           -0.13367
  18      136.5          9.5544        8.3450         1.2094164           -0.09181
  17      162.9          9.7543        8.6177         1.1365380           -0.02329
  16      196.4         10.7177        9.2962         1.4214593            0.07172
  15      218.7         11.5556       10.1744         1.3811464           -0.01531
  14      243.0         12.4510       11.1775         1.2734291           -0.03736
  13      269.0         13.3827       12.2811         1.1016656           -0.05572
  12      297.5         14.4102       13.5141         0.8961092           -0.06097
  11      328.5         15.5089       14.7151         0.7938351           -0.02781
  10      361.9         16.6302       15.9107         0.7195790           -0.01879
   9      398.1         17.8007       17.1712         0.6295608           -0.02097
   8      437.6         19.0195       18.4748         0.5446436           -0.01816
   7      480.5         20.2738       19.8156         0.4582282           -0.01697
   6      533.0         21.6727       21.3018         0.3708917           -0.01405
   5      589.8         23.0939       22.7975         0.2964318           -0.01105
   4      651.6         24.5881       24.3525         0.2356753           -0.00831
   3      718.7         26.1367       25.9247         0.2119363           -0.00298
   2      792.3         27.7014       27.5327         0.1686411           -0.00497
   1      891.5         29.2762       29.1648         0.1113703           -0.00487
   0     1013.0         30.9664       30.9182         0.0482431           -0.00438

 Wavenumbers:  700.0 -  820.0 cm-1, ATM      1
 LEVEL    PRESSURE   UPWARD FLUX   DOWNWARD FLUX    NET FLUX       HEATING RATE
             mb          W/m2          W/m2           W/m2          degree/day
  51         .06700     28.4292        0.0000        28.4291630            0.00000
  50         .07753     28.4300        0.0015        28.4284557           -0.56690
  49         .09103     28.4310        0.0034        28.4276379           -0.51113
  48        0.1069      28.4322        0.0055        28.4266640           -0.51845
  47        0.1255      28.4334        0.0080        28.4253908           -0.57718
  46        0.1487      28.4349        0.0114        28.4234961           -0.69064
  45        0.1794      28.4368        0.0161        28.4207096           -0.76496
  44        0.2165      28.4388        0.0216        28.4171545           -0.80872
  43        0.2613      28.4407        0.0282        28.4125179           -0.87399
  42        0.3336      28.4431        0.0389        28.4042208           -0.96736
  41        0.4307      28.4452        0.0524        28.3927840           -0.99441
  40        0.5894      28.4457        0.0735        28.3721761           -1.09590
  39        1.339       28.4253        0.1503        28.2749706           -1.09436
  38        1.782       28.4056        0.1819        28.2237520           -0.97512
  37        2.292       28.3853        0.2123        28.1730341           -0.84002
  36        2.964       28.3622        0.2488        28.1134118           -0.74844
  35        3.853       28.3358        0.2936        28.0422126           -0.67569
  34        5.035       28.3061        0.3469        27.9592493           -0.59266
  33        6.613       28.2738        0.4083        27.8654732           -0.50133
  32        8.786       28.2404        0.4779        27.7624830           -0.39998
  31       11.80        28.2069        0.5604        27.6464811           -0.32477
  30       15.07        28.1821        0.6348        27.5473065           -0.25605
  29       18.79        28.1644        0.7066        27.4578258           -0.20288
  28       23.16        28.1539        0.7822        27.3716911           -0.16656
  27       28.12        28.1480        0.8622        27.2857786           -0.14605
  26       33.73        28.1467        0.9437        27.2030628           -0.12437
  25       40.54        28.1492        1.0333        27.1158778           -0.10816
  24       48.69        28.1577        1.1296        27.0281160           -0.09082
  23       57.69        28.1729        1.2226        26.9502534           -0.07298
  22       68.43        28.1978        1.3180        26.8798146           -0.05537
  21       81.20        28.2362        1.4137        26.8225312           -0.03785
  20       96.49        28.2997        1.5110        26.7887320           -0.01865
  19      114.6         28.3823        1.6378        26.7445814           -0.02062
  18      136.5         28.4973        1.7843        26.7129932           -0.01215
  17      162.9         28.6740        1.9590        26.7149883            0.00064
  16      196.4         29.0180        2.2340        26.7839920            0.01737
  15      218.7         29.2784        2.5215        26.7569772           -0.01026
  14      243.0         29.5699        2.9096        26.6603382           -0.03352
  13      269.0         29.8850        3.3994        26.4856142           -0.05668
  12      297.5         32.1089        6.7842        25.3247188           -0.34431
  11      328.5         35.0773        9.4112        25.6661011            0.09282
  10      361.9         35.6073       10.1106        25.4966653           -0.04287
   9      398.1         36.1894       10.9656        25.2237329           -0.06359
   8      437.6         36.8257       11.9953        24.8304545           -0.08409
   7      480.5         37.5010       13.2122        24.2888103           -0.10638
   6      533.0         38.2973       14.8408        23.4564290           -0.13390
   5      589.8         39.0870       16.7651        22.3218489           -0.16841
   4      651.6         41.2299       27.0554        14.1745481           -1.11417
   3      718.7         44.5191       30.5757        13.9434444           -0.02904
   2      792.3         45.8481       33.1742        12.6739577           -0.14560
   1      891.5         47.4391       37.5772         9.8618853           -0.23929
   0     1013.0         49.0137       43.5601         5.4535997           -0.30609

 Wavenumbers:  820.0 -  980.0 cm-1, ATM      1
 LEVEL    PRESSURE   UPWARD FLUX   DOWNWARD FLUX    NET FLUX       HEATING RATE
             mb          W/m2          W/m2           W/m2          degree/day
  51         .06700     37.3504        0.0000        37.3504479            0.00000
  50         .07753     37.3504        0.0000        37.3504479            0.00000
  49         .09103     37.3504        0.0000        37.3504479            0.00000
  48        0.1069      37.3504        0.0000        37.3504479            0.00000
  47        0.1255      37.3504        0.0000        37.3504479            0.00000
  46        0.1487      37.3504        0.0000        37.3504479            0.00000
  45        0.1794      37.3504        0.0000        37.3504479            0.00000
  44        0.2165      37.3504        0.0000        37.3504479            0.00000
  43        0.2613      37.3504        0.0000        37.3504479            0.00000
  42        0.3336      37.3504        0.0000        37.3504479            0.00000
  41        0.4307      37.3504        0.0000        37.3504479            0.00000
  40        0.5894      37.3504        0.0000        37.3504479            0.00000
  39        1.339       37.3504        0.0000        37.3504479            0.00000
  38        1.782       37.3504        0.0000        37.3504479            0.00000
  37        2.292       37.3504        0.0000        37.3504479            0.00000
  36        2.964       37.3504        0.0000        37.3504479            0.00000
  35        3.853       37.3504        0.0000        37.3504479            0.00000
  34        5.035       37.3504        0.0000        37.3504479            0.00000
  33        6.613       37.3504        0.0000        37.3504479            0.00000
  32        8.786       37.3504        0.0000        37.3504479            0.00000
  31       11.80        37.3504        0.0000        37.3504479            0.00000
  30       15.07        37.3504        0.0000        37.3504479            0.00000
  29       18.79        37.3504        0.0000        37.3504479            0.00000
  28       23.16        37.3504        0.0000        37.3504479            0.00000
  27       28.12        37.3504        0.0000        37.3504479            0.00000
  26       33.73        37.3504        0.0000        37.3504479            0.00000
  25       40.54        37.3504        0.0000        37.3504479            0.00000
  24       48.69        37.3504        0.0000        37.3504479            0.00000
  23       57.69        37.3504        0.0000        37.3504479            0.00000
  22       68.43        37.3504        0.0000        37.3504479            0.00000
  21       81.20        37.3504        0.0000        37.3504479            0.00000
  20       96.49        37.3504        0.0000        37.3504479            0.00000
  19      114.6         37.3534        0.0012        37.3521445            0.00079
  18      136.5         37.3568        0.0027        37.3541629            0.00078
  17      162.9         37.3610        0.0044        37.3565816            0.00077
  16      196.4         37.3665        0.0068        37.3597042            0.00079
  15      218.7         37.3706        0.0090        37.3615876            0.00072
  14      243.0         37.3755        0.0122        37.3633287            0.00060
  13      269.0         37.3818        0.0173        37.3645594            0.00040
  12      297.5         40.5182        3.1298        37.3884610            0.00709
  11      328.5         44.7836        5.5151        39.2685409            0.51119
  10      361.9         44.8036        5.5319        39.2717345            0.00081
   9      398.1         44.8299        5.5602        39.2697107           -0.00047
   8      437.6         44.8654        5.6092        39.2561483           -0.00290
   7      480.5         44.9115        5.6917        39.2198279           -0.00713
   6      533.0         44.9803        5.8549        39.1254180           -0.01519
   5      589.8         45.0707        6.1523        38.9183366           -0.03074
   4      651.6         47.6197       19.9444        27.6752914           -1.53752
   3      718.7         52.0736       23.9017        28.1718968            0.06241
   2      792.3         52.5765       25.2771        27.2994815           -0.10006
   1      891.5         53.3919       28.9228        24.4691243           -0.24085
   0     1013.0         54.1245       36.3153        17.8092439           -0.46243

 Wavenumbers:  980.0 - 1080.0 cm-1, ATM      1
 LEVEL    PRESSURE   UPWARD FLUX   DOWNWARD FLUX    NET FLUX       HEATING RATE
             mb          W/m2          W/m2           W/m2          degree/day
  51         .06700     14.1729        0.0000        14.1728837            0.00000
  50         .07753     14.1731        0.0001        14.1730201            0.10939
  49         .09103     14.1735        0.0003        14.1731670            0.09177
  48        0.1069      14.1739        0.0006        14.1732842            0.06241
  47        0.1255      14.1744        0.0011        14.1733253            0.01862
  46        0.1487      14.1751        0.0019        14.1731960           -0.04712
  45        0.1794      14.1759        0.0032        14.1726983           -0.13662
  44        0.2165      14.1769        0.0053        14.1715844           -0.25341
  43        0.2613      14.1778        0.0083        14.1694407           -0.40407
  42        0.3336      14.1789        0.0148        14.1640582           -0.62754
  41        0.4307      14.1793        0.0253        14.1540534           -0.86989
  40        0.5894      14.1778        0.0467        14.1310336           -1.22416
  39        1.339       14.1405        0.1897        13.9508927           -2.02806
  38        1.782       14.1071        0.2725        13.8345852           -2.21431
  37        2.292       14.0699        0.3510        13.7188802           -1.91638
  36        2.964       14.0244        0.4347        13.5896755           -1.62191
  35        3.853       13.9701        0.5290        13.4410960           -1.41005
  34        5.035       13.9099        0.6368        13.2730841           -1.20021
  33        6.613       13.8489        0.7532        13.0956744           -0.94843
  32        8.786       13.7962        0.8677        12.9284793           -0.64933
  31       11.80        13.7624        0.9815        12.7809702           -0.41298
  30       15.07        13.7581        1.0712        12.6868727           -0.24294
  29       18.79        13.7835        1.1507        12.6327658           -0.12268
  28       23.16        13.8414        1.2304        12.6109882           -0.04211
  27       28.12        13.9271        1.3099        12.6171476            0.01047
  26       33.73        14.0366        1.3812        12.6553836            0.05749
  25       40.54        14.1782        1.4479        12.7302901            0.09293
  24       48.69        14.3626        1.5082        12.8543656            0.12840
  23       57.69        14.5769        1.5564        13.0205224            0.15575
  22       68.43        14.8392        1.5962        13.2430470            0.17493
  21       81.20        15.1211        1.6249        13.4962348            0.16730
  20       96.49        15.4017        1.6445        13.7571696            0.14402
  19      114.6         15.7248        1.6635        14.0613258            0.14202
  18      136.5         16.1097        1.6877        14.4220181            0.13869
  17      162.9         16.5770        1.7163        14.8607954            0.14025
  16      196.4         17.0740        1.7537        15.3203866            0.11568
  15      218.7         17.3314        1.7932        15.5381590            0.08268
  14      243.0         17.5712        1.8480        15.7232778            0.06421
  13      269.0         17.7853        1.9148        15.8704734            0.04775
  12      297.5         19.3376        2.7635        16.5740506            0.20867
  11      328.5         21.2659        3.5269        17.7390694            0.31677
  10      361.9         21.4756        3.6145        17.8611403            0.03089
   9      398.1         21.6680        3.7191        17.9489470            0.02046
   8      437.6         21.8456        3.8441        18.0015380            0.01124
   7      480.5         22.0062        3.9914        18.0148237            0.00261
   6      533.0         22.1709        4.1941        17.9767339           -0.00613
   5      589.8         22.3201        4.4507        17.8693923           -0.01593
   4      651.6         23.6912        8.8412        14.8500123           -0.41291
   3      718.7         25.8026       11.3128        14.4898090           -0.04527
   2      792.3         26.0791       11.8719        14.2071849           -0.03241
   1      891.5         26.4501       13.2134        13.2367187           -0.08258
   0     1013.0         26.7325       15.9731        10.7593976           -0.17201

 Wavenumbers: 1080.0 - 1180.0 cm-1, ATM      1
 LEVEL    PRESSURE   UPWARD FLUX   DOWNWARD FLUX    NET FLUX       HEATING RATE
             mb          W/m2          W/m2           W/m2          degree/day
  51         .06700     14.3605        0.0000        14.3605037            0.00000
  50         .07753     14.3605        0.0000        14.3605044            0.00057
  49         .09103     14.3605        0.0000        14.3605047            0.00017
  48        0.1069      14.3605        0.0000        14.3605039           -0.00044
  47        0.1255      14.3605        0.0000        14.3605009           -0.00132
  46        0.1487      14.3605        0.0000        14.3604935           -0.00270
  45        0.1794      14.3605        0.0000        14.3604769           -0.00457
  44        0.2165      14.3605        0.0001        14.3604464           -0.00694
  43        0.2613      14.3605        0.0001        14.3603930           -0.01006
  42        0.3336      14.3605        0.0002        14.3602650           -0.01492
  41        0.4307      14.3605        0.0004        14.3600294           -0.02049
  40        0.5894      14.3603        0.0008        14.3594820           -0.02911
  39        1.339       14.3590        0.0043        14.3546983           -0.05386
  38        1.782       14.3579        0.0069        14.3510547           -0.06937
  37        2.292       14.3569        0.0102        14.3467203           -0.07179
  36        2.964       14.3558        0.0148        14.3410411           -0.07129
  35        3.853       14.3549        0.0209        14.3339710           -0.06710
  34        5.035       14.3547        0.0287        14.3260758           -0.05640
  33        6.613       14.3561        0.0376        14.3184485           -0.04078
  32        8.786       14.3598        0.0472        14.3125501           -0.02291
  31       11.80        14.3672        0.0576        14.3096125           -0.00822
  30       15.07        14.3765        0.0662        14.3103798            0.00198
  29       18.79        14.3880        0.0739        14.3141277            0.00850
  28       23.16        14.4017        0.0812        14.3204779            0.01228
  27       28.12        14.4171        0.0883        14.3287845            0.01412
  26       33.73        14.4328        0.0947        14.3381591            0.01409
  25       40.54        14.4496        0.1008        14.3488450            0.01326
  24       48.69        14.4675        0.1066        14.3608764            0.01245
  23       57.69        14.4846        0.1117        14.3728917            0.01126
  22       68.43        14.5020        0.1165        14.3855096            0.00992
  21       81.20        14.5180        0.1206        14.3973753            0.00784
  20       96.49        14.5324        0.1241        14.4082326            0.00599
  19      114.6         14.5500        0.1284        14.4216819            0.00628
  18      136.5         14.5688        0.1328        14.4359542            0.00549
  17      162.9         14.5890        0.1376        14.4513986            0.00494
  16      196.4         14.6106        0.1430        14.4675802            0.00407
  15      218.7         14.6228        0.1468        14.4760285            0.00321
  14      243.0         14.6355        0.1516        14.4838695            0.00272
  13      269.0         14.6488        0.1579        14.4909053            0.00228
  12      297.5         15.8678        0.8869        14.9809527            0.14534
  11      328.5         17.4010        1.5244        15.8766292            0.24353
  10      361.9         17.4265        1.5409        15.8856049            0.00227
   9      398.1         17.4566        1.5669        15.8897222            0.00096
   8      437.6         17.4931        1.6083        15.8848436           -0.00104
   7      480.5         17.5367        1.6723        15.8643343           -0.00403
   6      533.0         17.5962        1.7869        15.8093649           -0.00884
   5      589.8         17.6677        1.9717        15.6959699           -0.01683
   4      651.6         18.8814        6.1514        12.7300262           -0.40560
   3      718.7         20.6937        8.2051        12.4886064           -0.03034
   2      792.3         20.9351        8.7571        12.1780459           -0.03562
   1      891.5         21.2869        9.9861        11.3007939           -0.07465
   0     1013.0         21.6042       12.3356         9.2685691           -0.14111

 Wavenumbers: 1180.0 - 1390.0 cm-1, ATM      1
 LEVEL    PRESSURE   UPWARD FLUX   DOWNWARD FLUX    NET FLUX       HEATING RATE
             mb          W/m2          W/m2           W/m2          degree/day
  51         .06700     14.2356        0.0000        14.2356030            0.00000
  50         .07753     14.2356        0.0000        14.2356033            0.00020
  49         .09103     14.2356        0.0000        14.2356012           -0.00130
  48        0.1069      14.2356        0.0000        14.2355955           -0.00302
  47        0.1255      14.2356        0.0000        14.2355847           -0.00489
  46        0.1487      14.2356        0.0001        14.2355649           -0.00723
  45        0.1794      14.2356        0.0001        14.2355288           -0.00990
  44        0.2165      14.2356        0.0001        14.2354740           -0.01246
  43        0.2613      14.2356        0.0002        14.2353933           -0.01523
  42        0.3336      14.2355        0.0003        14.2352278           -0.01929
  41        0.4307      14.2354        0.0005        14.2349600           -0.02328
  40        0.5894      14.2352        0.0008        14.2344189           -0.02878
  39        1.339       14.2337        0.0032        14.2305279           -0.04381
  38        1.782       14.2326        0.0049        14.2276845           -0.05413
  37        2.292       14.2313        0.0069        14.2244173           -0.05411
  36        2.964       14.2298        0.0095        14.2203014           -0.05167
  35        3.853       14.2279        0.0127        14.2152327           -0.04810
  34        5.035       14.2257        0.0166        14.2091471           -0.04347
  33        6.613       14.2232        0.0212        14.2020327           -0.03803
  32        8.786       14.2205        0.0265        14.1939849           -0.03125
  31       11.80        14.2173        0.0327        14.1846198           -0.02622
  30       15.07        14.2147        0.0384        14.1762647           -0.02157
  29       18.79        14.2126        0.0441        14.1685101           -0.01758
  28       23.16        14.2109        0.0502        14.1607716           -0.01496
  27       28.12        14.2096        0.0568        14.1527437           -0.01365
  26       33.73        14.2087        0.0644        14.1442383           -0.01279
  25       40.54        14.2082        0.0740        14.1341472           -0.01252
  24       48.69        14.2086        0.0861        14.1224693           -0.01208
  23       57.69        14.2106        0.1000        14.1105296           -0.01119
  22       68.43        14.2152        0.1170        14.0982595           -0.00965
  21       81.20        14.2243        0.1370        14.0873675           -0.00720
  20       96.49        14.2404        0.1599        14.0805607           -0.00376
  19      114.6         14.2836        0.1955        14.0881022            0.00352
  18      136.5         14.3435        0.2379        14.1055836            0.00672
  17      162.9         14.4293        0.2871        14.1422614            0.01172
  16      196.4         14.5687        0.3562        14.2124271            0.01766
  15      218.7         14.6703        0.4264        14.2439212            0.01196
  14      243.0         14.7936        0.5339        14.2597349            0.00548
  13      269.0         14.9494        0.6958        14.2535955           -0.00199
  12      297.5         16.3197        1.7551        14.5646446            0.09225
  11      328.5         18.0626        2.7598        15.3028485            0.20072
  10      361.9         18.4415        3.1545        15.2870666           -0.00399
   9      398.1         18.8931        3.7056        15.1875012           -0.02320
   8      437.6         19.4225        4.4488        14.9737065           -0.04571
   7      480.5         20.0192        5.4081        14.6110130           -0.07123
   6      533.0         20.7703        6.7921        13.9782525           -0.10179
   5      589.8         21.5842        8.5275        13.0566910           -0.13679
   4      651.6         23.5926       13.9770         9.6156069           -0.47058
   3      718.7         26.2251       17.1360         9.0891402           -0.06616
   2      792.3         27.7375       19.4684         8.2690782           -0.09405
   1      891.5         29.5543       22.7823         6.7719522           -0.12740
   0     1013.0         31.4339       26.9133         4.5206199           -0.15632

 Wavenumbers: 1390.0 - 1480.0 cm-1, ATM      1
 LEVEL    PRESSURE   UPWARD FLUX   DOWNWARD FLUX    NET FLUX       HEATING RATE
             mb          W/m2          W/m2           W/m2          degree/day
  51         .06700      2.0860        0.0000         2.0860477            0.00000
  50         .07753      2.0861        0.0000         2.0860858            0.03051
  49         .09103      2.0862        0.0000         2.0861295            0.02733
  48        0.1069       2.0862        0.0001         2.0861724            0.02283
  47        0.1255       2.0863        0.0001         2.0862098            0.01697
  46        0.1487       2.0864        0.0002         2.0862364            0.00970
  45        0.1794       2.0866        0.0003         2.0862392            0.00075
  44        0.2165       2.0867        0.0005         2.0861912           -0.01091
  43        0.2613       2.0868        0.0008         2.0860593           -0.02486
  42        0.3336       2.0870        0.0013         2.0856861           -0.04351
  41        0.4307       2.0871        0.0021         2.0849680           -0.06244
  40        0.5894       2.0870        0.0036         2.0833376           -0.08670
  39        1.339        2.0845        0.0107         2.0738058           -0.10731
  38        1.782        2.0828        0.0132         2.0696244           -0.07961
  37        2.292        2.0813        0.0146         2.0666842           -0.04870
  36        2.964        2.0798        0.0152         2.0646220           -0.02589
  35        3.853        2.0783        0.0149         2.0634106           -0.01150
  34        5.035        2.0769        0.0140         2.0628695           -0.00387
  33        6.613        2.0755        0.0128         2.0626760           -0.00103
  32        8.786        2.0741        0.0116         2.0624867           -0.00074
  31       11.80         2.0727        0.0108         2.0619028           -0.00163
  30       15.07         2.0716        0.0107         2.0609161           -0.00255
  29       18.79         2.0708        0.0110         2.0597342           -0.00268
  28       23.16         2.0701        0.0118         2.0582877           -0.00280
  27       28.12         2.0694        0.0129         2.0565100           -0.00302
  26       33.73         2.0689        0.0143         2.0545672           -0.00292
  25       40.54         2.0683        0.0160         2.0523144           -0.00279
  24       48.69         2.0679        0.0180         2.0498804           -0.00252
  23       57.69         2.0676        0.0200         2.0475306           -0.00220
  22       68.43         2.0674        0.0223         2.0451735           -0.00185
  21       81.20         2.0676        0.0247         2.0429351           -0.00148
  20       96.49         2.0683        0.0274         2.0409261           -0.00111
  19      114.6          2.0696        0.0305         2.0390571           -0.00087
  18      136.5          2.0715        0.0344         2.0371346           -0.00074
  17      162.9          2.0756        0.0402         2.0354328           -0.00054
  16      196.4          2.0900        0.0546         2.0354226            0.00000
  15      218.7          2.1115        0.0876         2.0239307           -0.00436
  14      243.0          2.1513        0.1605         1.9908243           -0.01148
  13      269.0          2.2184        0.3018         1.9165366           -0.02410
  12      297.5          2.4335        0.6810         1.7525140           -0.04865
  11      328.5          2.7086        1.0568         1.6517794           -0.02739
  10      361.9          2.9186        1.3762         1.5423243           -0.02769
   9      398.1          3.1804        1.8025         1.3779420           -0.03830
   8      437.6          3.5023        2.3413         1.1609439           -0.04640
   7      480.5          3.8783        2.9747         0.9036310           -0.05054
   6      533.0          4.3574        3.7533         0.6040717           -0.04819
   5      589.8          4.8946        4.5497         0.3449410           -0.03846
   4      651.6          5.5470        5.3732         0.1738355           -0.02340
   3      718.7          6.2783        6.1631         0.1152001           -0.00737
   2      792.3          7.0799        7.0108         0.0691841           -0.00528
   1      891.5          7.9426        7.9089         0.0337179           -0.00302
   0     1013.0          8.9414        8.9288         0.0126189           -0.00147

 Wavenumbers: 1480.0 - 1800.0 cm-1, ATM      1
 LEVEL    PRESSURE   UPWARD FLUX   DOWNWARD FLUX    NET FLUX       HEATING RATE
             mb          W/m2          W/m2           W/m2          degree/day
  51         .06700      2.6976        0.0000         2.6976200            0.00000
  50         .07753      2.6979        0.0001         2.6978008            0.14487
  49         .09103      2.6982        0.0001         2.6980077            0.12935
  48        0.1069       2.6985        0.0003         2.6982129            0.10921
  47        0.1255       2.6989        0.0005         2.6983994            0.08455
  46        0.1487       2.6993        0.0007         2.6985538            0.05630
  45        0.1794       2.6999        0.0012         2.6986464            0.02540
  44        0.2165       2.7005        0.0019         2.6985847           -0.01402
  43        0.2613       2.7011        0.0028         2.6982700           -0.05933
  42        0.3336       2.7019        0.0046         2.6972964           -0.11350
  41        0.4307       2.7026        0.0071         2.6954570           -0.15994
  40        0.5894       2.7029        0.0115         2.6914110           -0.21516
  39        1.339        2.6978        0.0261         2.6716964           -0.22195
  38        1.782        2.6933        0.0291         2.6642219           -0.14230
  37        2.292        2.6893        0.0299         2.6593578           -0.08056
  36        2.964        2.6853        0.0302         2.6551205           -0.05319
  35        3.853        2.6813        0.0306         2.6507074           -0.04188
  34        5.035        2.6774        0.0316         2.6458153           -0.03495
  33        6.613        2.6735        0.0330         2.6404785           -0.02853
  32        8.786        2.6696        0.0345         2.6350822           -0.02096
  31       11.80         2.6656        0.0358         2.6298625           -0.01461
  30       15.07         2.6625        0.0363         2.6261650           -0.00955
  29       18.79         2.6600        0.0365         2.6235243           -0.00599
  28       23.16         2.6580        0.0369         2.6211704           -0.00455
  27       28.12         2.6563        0.0379         2.6183415           -0.00481
  26       33.73         2.6548        0.0398         2.6150192           -0.00500
  25       40.54         2.6535        0.0427         2.6107984           -0.00524
  24       48.69         2.6525        0.0465         2.6059896           -0.00498
  23       57.69         2.6521        0.0509         2.6012776           -0.00442
  22       68.43         2.6526        0.0559         2.5966630           -0.00363
  21       81.20         2.6545        0.0618         2.5926678           -0.00264
  20       96.49         2.6589        0.0687         2.5902255           -0.00135
  19      114.6          2.6649        0.0787         2.5861513           -0.00190
  18      136.5          2.6737        0.0910         2.5826377           -0.00135
  17      162.9          2.6903        0.1100         2.5803021           -0.00075
  16      196.4          2.7415        0.1606         2.5809718            0.00017
  15      218.7          2.8107        0.2715         2.5392156           -0.01585
  14      243.0          2.9307        0.4999         2.4307606           -0.03762
  13      269.0          3.1206        0.8685         2.2521189           -0.05795
  12      297.5          3.5157        1.5982         1.9174366           -0.09926
  11      328.5          4.0199        2.3399         1.6800330           -0.06455
  10      361.9          4.5257        3.0498         1.4758755           -0.05165
   9      398.1          5.1401        3.9149         1.2252251           -0.05840
   8      437.6          5.8784        4.9184         0.9600073           -0.05671
   7      480.5          6.7333        6.0280         0.7052853           -0.05003
   6      533.0          7.8043        7.3442         0.4601123           -0.03944
   5      589.8          9.0163        8.7385         0.2777261           -0.02707
   4      651.6         10.4276       10.2658         0.1618149           -0.01585
   3      718.7         12.0219       11.9118         0.1100723           -0.00650
   2      792.3         13.7988       13.7316         0.0671836           -0.00492
   1      891.5         15.7203       15.6863         0.0339142           -0.00283
   0     1013.0         17.9800       17.9670         0.0130020           -0.00145

 Wavenumbers: 1800.0 - 2080.0 cm-1, ATM      1
 LEVEL    PRESSURE   UPWARD FLUX   DOWNWARD FLUX    NET FLUX       HEATING RATE
             mb          W/m2          W/m2           W/m2          degree/day
  51         .06700      1.9230        0.0000         1.9230117            0.00000
  50         .07753      1.9230        0.0000         1.9230117            0.00000
  49         .09103      1.9230        0.0000         1.9230117            0.00000
  48        0.1069       1.9230        0.0000         1.9230117            0.00000
  47        0.1255       1.9230        0.0000         1.9230117            0.00000
  46        0.1487       1.9230        0.0000         1.9230117            0.00000
  45        0.1794       1.9230        0.0000         1.9230117            0.00000
  44        0.2165       1.9230        0.0000         1.9230117            0.00000
  43        0.2613       1.9230        0.0000         1.9230117            0.00000
  42        0.3336       1.9230        0.0000         1.9230117            0.00000
  41        0.4307       1.9230        0.0000         1.9230117            0.00000
  40        0.5894       1.9230        0.0000         1.9230117            0.00000
  39        1.339        1.9230        0.0000         1.9230117            0.00000
  38        1.782        1.9230        0.0000         1.9230117            0.00000
  37        2.292        1.9230        0.0000         1.9230117            0.00000
  36        2.964        1.9230        0.0000         1.9230117            0.00000
  35        3.853        1.9230        0.0000         1.9230117            0.00000
  34        5.035        1.9230        0.0000         1.9230117            0.00000
  33        6.613        1.9230        0.0000         1.9230117            0.00000
  32        8.786        1.9230        0.0000         1.9230117            0.00000
  31       11.80         1.9230        0.0000         1.9230117            0.00000
  30       15.07         1.9230        0.0000         1.9230117            0.00000
  29       18.79         1.9230        0.0000         1.9230117            0.00000
  28       23.16         1.9230        0.0000         1.9230117            0.00000
  27       28.12         1.9230        0.0000         1.9230117            0.00000
  26       33.73         1.9230        0.0000         1.9230117            0.00000
  25       40.54         1.9230        0.0000         1.9230117            0.00000
  24       48.69         1.9230        0.0000         1.9230117            0.00000
  23       57.69         1.9230        0.0000         1.9230117            0.00000
  22       68.43         1.9230        0.0000         1.9230117            0.00000
  21       81.20         1.9230        0.0000         1.9230117            0.00000
  20       96.49         1.9230        0.0000         1.9230117            0.00000
  19      114.6          1.9242        0.0010         1.9231259            0.00005
  18      136.5          1.9258        0.0020         1.9237956            0.00026
  17      162.9          1.9283        0.0032         1.9251402            0.00043
  16      196.4          1.9337        0.0056         1.9280363            0.00073
  15      218.7          1.9397        0.0103         1.9294185            0.00052
  14      243.0          1.9504        0.0208         1.9295570            0.00005
  13      269.0          1.9684        0.0415         1.9268874           -0.00087
  12      297.5          2.1464        0.1292         2.0172706            0.02681
  11      328.5          2.3658        0.2273         2.1384301            0.03294
  10      361.9          2.4302        0.2904         2.1397221            0.00033
   9      398.1          2.5157        0.3868         2.1288972           -0.00252
   8      437.6          2.6281        0.5274         2.1006336           -0.00604
   7      480.5          2.7682        0.7198         2.0483800           -0.01026
   6      533.0          2.9617        1.0138         1.9478535           -0.01617
   5      589.8          3.1943        1.4116         1.7827131           -0.02451
   4      651.6          3.6495        2.2526         1.3968838           -0.05276
   3      718.7          4.2055        2.9524         1.2530992           -0.01807
   2      792.3          4.6975        3.6231         1.0743696           -0.02050
   1      891.5          5.3031        4.5213         0.7817958           -0.02490
   0     1013.0          5.9963        5.5826         0.4137186           -0.02556

 Wavenumbers: 2080.0 - 2250.0 cm-1, ATM      1
 LEVEL    PRESSURE   UPWARD FLUX   DOWNWARD FLUX    NET FLUX       HEATING RATE
             mb          W/m2          W/m2           W/m2          degree/day
  51         .06700      0.5699        0.0000         0.5698705            0.00000
  50         .07753      0.5699        0.0000         0.5698707            0.00019
  49         .09103      0.5699        0.0000         0.5698710            0.00018
  48        0.1069       0.5699        0.0000         0.5698713            0.00014
  47        0.1255       0.5699        0.0000         0.5698714            0.00007
  46        0.1487       0.5699        0.0000         0.5698713           -0.00005
  45        0.1794       0.5699        0.0000         0.5698704           -0.00024
  44        0.2165       0.5699        0.0000         0.5698681           -0.00053
  43        0.2613       0.5699        0.0000         0.5698630           -0.00095
  42        0.3336       0.5699        0.0000         0.5698489           -0.00165
  41        0.4307       0.5699        0.0000         0.5698196           -0.00255
  40        0.5894       0.5698        0.0001         0.5697439           -0.00403
  39        1.339        0.5695        0.0005         0.5689938           -0.00844
  38        1.782        0.5693        0.0009         0.5684282           -0.01077
  37        2.292        0.5691        0.0013         0.5678017           -0.01038
  36        2.964        0.5689        0.0019         0.5670492           -0.00945
  35        3.853        0.5687        0.0025         0.5662026           -0.00803
  34        5.035        0.5687        0.0033         0.5653693           -0.00595
  33        6.613        0.5689        0.0042         0.5646975           -0.00359
  32        8.786        0.5694        0.0051         0.5643448           -0.00137
  31       11.80         0.5703        0.0059         0.5644279            0.00023
  30       15.07         0.5714        0.0065         0.5648662            0.00113
  29       18.79         0.5726        0.0070         0.5655784            0.00161
  28       23.16         0.5740        0.0075         0.5665142            0.00181
  27       28.12         0.5755        0.0079         0.5675888            0.00183
  26       33.73         0.5769        0.0082         0.5686948            0.00166
  25       40.54         0.5784        0.0085         0.5698671            0.00145
  24       48.69         0.5799        0.0088         0.5711039            0.00128
  23       57.69         0.5812        0.0090         0.5722656            0.00109
  22       68.43         0.5825        0.0091         0.5734096            0.00090
  21       81.20         0.5836        0.0092         0.5743962            0.00065
  20       96.49         0.5845        0.0093         0.5751974            0.00044
  19      114.6          0.5871        0.0098         0.5773042            0.00098
  18      136.5          0.5908        0.0101         0.5806785            0.00130
  17      162.9          0.5961        0.0105         0.5856627            0.00159
  16      196.4          0.6050        0.0112         0.5938671            0.00207
  15      218.7          0.6119        0.0124         0.5994934            0.00214
  14      243.0          0.6200        0.0145         0.6054991            0.00208
  13      269.0          0.6296        0.0179         0.6117240            0.00202
  12      297.5          0.7094        0.0364         0.6730215            0.01818
  11      328.5          0.8147        0.0565         0.7581541            0.02315
  10      361.9          0.8348        0.0651         0.7697204            0.00293
   9      398.1          0.8584        0.0773         0.7811003            0.00265
   8      437.6          0.8856        0.0940         0.7915609            0.00224
   7      480.5          0.9163        0.1166         0.7997297            0.00160
   6      533.0          0.9554        0.1511         0.8042934            0.00073
   5      589.8          0.9976        0.1974         0.8001753           -0.00061
   4      651.6          1.1544        0.4398         0.7145693           -0.01171
   3      718.7          1.3763        0.5816         0.7947174            0.01007
   2      792.3          1.4616        0.6738         0.7877281           -0.00080
   1      891.5          1.5666        0.8392         0.7274188           -0.00513
   0     1013.0          1.6510        1.0922         0.5587607           -0.01171

 Wavenumbers: 2250.0 - 2380.0 cm-1, ATM      1
 LEVEL    PRESSURE   UPWARD FLUX   DOWNWARD FLUX    NET FLUX       HEATING RATE
             mb          W/m2          W/m2           W/m2          degree/day
  51         .06700      0.0773        0.0000         0.0772800            0.00000
  50         .07753      0.0776        0.0008         0.0767879           -0.39447
  49         .09103      0.0780        0.0012         0.0767455           -0.02647
  48        0.1069       0.0785        0.0017         0.0767833            0.02011
  47        0.1255       0.0792        0.0023         0.0768177            0.01558
  46        0.1487       0.0799        0.0032         0.0767751           -0.01552
  45        0.1794       0.0810        0.0042         0.0767640           -0.00304
  44        0.2165       0.0822        0.0055         0.0767502           -0.00314
  43        0.2613       0.0838        0.0071         0.0766509           -0.01872
  42        0.3336       0.0857        0.0093         0.0763703           -0.03272
  41        0.4307       0.0879        0.0120         0.0759066           -0.04032
  40        0.5894       0.0902        0.0157         0.0745667           -0.07125
  39        1.339        0.0877        0.0252         0.0625258           -0.13556
  38        1.782        0.0806        0.0265         0.0541028           -0.16036
  37        2.292        0.0740        0.0286         0.0454441           -0.14341
  36        2.964        0.0675        0.0319         0.0355473           -0.12423
  35        3.853        0.0609        0.0365         0.0244060           -0.10573
  34        5.035        0.0542        0.0418         0.0124180           -0.08564
  33        6.613        0.0475        0.0469         0.0005841           -0.06326
  32        8.786        0.0410        0.0502        -0.0092320           -0.03812
  31       11.80         0.0347        0.0493        -0.0146510           -0.01517
  30       15.07         0.0300        0.0443        -0.0143012            0.00090
  29       18.79         0.0265        0.0369        -0.0104528            0.00873
  28       23.16         0.0240        0.0299        -0.0059356            0.00873
  27       28.12         0.0219        0.0250        -0.0031393            0.00475
  26       33.73         0.0202        0.0219        -0.0016813            0.00219
  25       40.54         0.0186        0.0196        -0.0010494            0.00078
  24       48.69         0.0169        0.0176        -0.0006963            0.00037
  23       57.69         0.0155        0.0160        -0.0004732            0.00021
  22       68.43         0.0141        0.0145        -0.0003175            0.00012
  21       81.20         0.0130        0.0132        -0.0001943            0.00008
  20       96.49         0.0121        0.0122        -0.0000617            0.00007
  19      114.6          0.0121        0.0121         0.0000000            0.00003
  18      136.5          0.0121        0.0121         0.0000005            0.00000
  17      162.9          0.0122        0.0121         0.0000402            0.00001
  16      196.4          0.0162        0.0159         0.0002678            0.00006
  15      218.7          0.0219        0.0216         0.0003306            0.00002
  14      243.0          0.0294        0.0291         0.0003616            0.00001
  13      269.0          0.0390        0.0386         0.0003923            0.00001
  12      297.5          0.0510        0.0506         0.0004172            0.00001
  11      328.5          0.0660        0.0656         0.0004514            0.00001
  10      361.9          0.0850        0.0845         0.0004850            0.00001
   9      398.1          0.1083        0.1078         0.0005155            0.00001
   8      437.6          0.1369        0.1364         0.0005451            0.00001
   7      480.5          0.1717        0.1712         0.0005559            0.00000
   6      533.0          0.2167        0.2162         0.0005537            0.00000
   5      589.8          0.2706        0.2701         0.0005753            0.00000
   4      651.6          0.3353        0.3347         0.0005945            0.00000
   3      718.7          0.4125        0.4119         0.0006140            0.00000
   2      792.3          0.5039        0.5034         0.0005672           -0.00001
   1      891.5          0.6079        0.6074         0.0004739           -0.00001
   0     1013.0          0.7373        0.7370         0.0002404           -0.00002

 Wavenumbers: 2380.0 - 2600.0 cm-1, ATM      1
 LEVEL    PRESSURE   UPWARD FLUX   DOWNWARD FLUX    NET FLUX       HEATING RATE
             mb          W/m2          W/m2           W/m2          degree/day
  51         .06700      0.3138        0.0000         0.3138044            0.00000
  50         .07753      0.3138        0.0000         0.3138044            0.00000
  49         .09103      0.3138        0.0000         0.3138044            0.00000
  48        0.1069       0.3138        0.0000         0.3138044            0.00000
  47        0.1255       0.3138        0.0000         0.3138044            0.00000
  46        0.1487       0.3138        0.0000         0.3138044            0.00000
  45        0.1794       0.3138        0.0000         0.3138044            0.00000
  44        0.2165       0.3138        0.0000         0.3138044            0.00000
  43        0.2613       0.3138        0.0000         0.3138044            0.00000
  42        0.3336       0.3138        0.0000         0.3138044            0.00000
  41        0.4307       0.3138        0.0000         0.3138044            0.00000
  40        0.5894       0.3138        0.0000         0.3138044            0.00000
  39        1.339        0.3138        0.0000         0.3138044            0.00000
  38        1.782        0.3138        0.0000         0.3138044            0.00000
  37        2.292        0.3138        0.0000         0.3138044            0.00000
  36        2.964        0.3138        0.0000         0.3138044            0.00000
  35        3.853        0.3138        0.0000         0.3138044            0.00000
  34        5.035        0.3138        0.0000         0.3138044            0.00000
  33        6.613        0.3138        0.0000         0.3138044            0.00000
  32        8.786        0.3138        0.0000         0.3138044            0.00000
  31       11.80         0.3138        0.0000         0.3138044            0.00000
  30       15.07         0.3138        0.0000         0.3138044            0.00000
  29       18.79         0.3138        0.0000         0.3138044            0.00000
  28       23.16         0.3138        0.0000         0.3138044            0.00000
  27       28.12         0.3138        0.0000         0.3138044            0.00000
  26       33.73         0.3138        0.0000         0.3138044            0.00000
  25       40.54         0.3138        0.0000         0.3138044            0.00000
  24       48.69         0.3138        0.0000         0.3138044            0.00000
  23       57.69         0.3138        0.0000         0.3138044            0.00000
  22       68.43         0.3138        0.0000         0.3138044            0.00000
  21       81.20         0.3138        0.0000         0.3138044            0.00000
  20       96.49         0.3138        0.0000         0.3138044            0.00000
  19      114.6          0.3145        0.0006         0.3139724            0.00008
  18      136.5          0.3155        0.0007         0.3148401            0.00033
  17      162.9          0.3170        0.0008         0.3162623            0.00045
  16      196.4          0.3196        0.0009         0.3186156            0.00059
  15      218.7          0.3215        0.0013         0.3202315            0.00061
  14      243.0          0.3239        0.0019         0.3220519            0.00063
  13      269.0          0.3268        0.0026         0.3241046            0.00067
  12      297.5          0.3627        0.0071         0.3556059            0.00934
  11      328.5          0.4080        0.0122         0.3958356            0.01094
  10      361.9          0.4134        0.0140         0.3994506            0.00091
   9      398.1          0.4196        0.0164         0.4032571            0.00089
   8      437.6          0.4268        0.0197         0.4071106            0.00082
   7      480.5          0.4348        0.0240         0.4107493            0.00071
   6      533.0          0.4447        0.0305         0.4142390            0.00056
   5      589.8          0.4556        0.0392         0.4163858            0.00032
   4      651.6          0.5320        0.1190         0.4130701           -0.00045
   3      718.7          0.6206        0.1654         0.4552398            0.00530
   2      792.3          0.6378        0.1826         0.4551672           -0.00001
   1      891.5          0.6560        0.2108         0.4452232           -0.00085
   0     1013.0          0.6714        0.2554         0.4159994           -0.00203

 Wavenumbers: 2600.0 - 3250.0 cm-1, ATM      1
 LEVEL    PRESSURE   UPWARD FLUX   DOWNWARD FLUX    NET FLUX       HEATING RATE
             mb          W/m2          W/m2           W/m2          degree/day
  51         .06700      0.1925        0.0000         0.1924659            0.00000
  50         .07753      0.1925        0.0000         0.1924659            0.00001
  49         .09103      0.1925        0.0000         0.1924659            0.00001
  48        0.1069       0.1925        0.0000         0.1924659            0.00000
  47        0.1255       0.1925        0.0000         0.1924659            0.00000
  46        0.1487       0.1925        0.0000         0.1924659           -0.00001
  45        0.1794       0.1925        0.0000         0.1924658           -0.00002
  44        0.2165       0.1925        0.0000         0.1924657           -0.00003
  43        0.2613       0.1925        0.0000         0.1924654           -0.00005
  42        0.3336       0.1925        0.0000         0.1924648           -0.00007
  41        0.4307       0.1925        0.0000         0.1924636           -0.00010
  40        0.5894       0.1925        0.0000         0.1924608           -0.00015
  39        1.339        0.1925        0.0000         0.1924376           -0.00026
  38        1.782        0.1924        0.0000         0.1924219           -0.00030
  37        2.292        0.1924        0.0000         0.1924062           -0.00026
  36        2.964        0.1924        0.0000         0.1923892           -0.00021
  35        3.853        0.1924        0.0001         0.1923715           -0.00017
  34        5.035        0.1924        0.0001         0.1923539           -0.00013
  33        6.613        0.1924        0.0001         0.1923372           -0.00009
  32        8.786        0.1924        0.0001         0.1923229           -0.00006
  31       11.80         0.1924        0.0001         0.1923126           -0.00003
  30       15.07         0.1924        0.0001         0.1923093           -0.00001
  29       18.79         0.1924        0.0001         0.1923125            0.00001
  28       23.16         0.1925        0.0001         0.1923221            0.00002
  27       28.12         0.1925        0.0002         0.1923382            0.00003
  26       33.73         0.1925        0.0002         0.1923624            0.00004
  25       40.54         0.1926        0.0002         0.1924003            0.00005
  24       48.69         0.1927        0.0002         0.1924577            0.00006
  23       57.69         0.1928        0.0002         0.1925338            0.00007
  22       68.43         0.1929        0.0002         0.1926388            0.00008
  21       81.20         0.1931        0.0003         0.1927809            0.00009
  20       96.49         0.1933        0.0003         0.1929694            0.00010
  19      114.6          0.1935        0.0003         0.1932151            0.00011
  18      136.5          0.1939        0.0004         0.1935317            0.00012
  17      162.9          0.1943        0.0004         0.1939474            0.00013
  16      196.4          0.1950        0.0005         0.1945456            0.00015
  15      218.7          0.1955        0.0005         0.1949475            0.00015
  14      243.0          0.1960        0.0006         0.1954095            0.00016
  13      269.0          0.1968        0.0008         0.1959662            0.00018
  12      297.5          0.2214        0.0032         0.2182119            0.00660
  11      328.5          0.2544        0.0060         0.2484460            0.00822
  10      361.9          0.2565        0.0068         0.2497149            0.00032
   9      398.1          0.2591        0.0081         0.2509779            0.00029
   8      437.6          0.2625        0.0104         0.2520705            0.00023
   7      480.5          0.2666        0.0139         0.2526710            0.00012
   6      533.0          0.2722        0.0198         0.2523727           -0.00005
   5      589.8          0.2788        0.0284         0.2504286           -0.00029
   4      651.6          0.3274        0.0896         0.2377671           -0.00173
   3      718.7          0.4064        0.1252         0.2811947            0.00546
   2      792.3          0.4253        0.1449         0.2804759           -0.00008
   1      891.5          0.4499        0.1783         0.2716718           -0.00075
   0     1013.0          0.4758        0.2347         0.2410475           -0.00213

  Modules and versions used in this calculation:

       rrtmg_lw.1col.f90:  $Revision: 1.10 $             rrtmg_lw_init.f90:  $Revision: 1.6 $  
     rrtmglw_cldprop.f90:  $Revision: 1.9 $            rrtmglw_cldprmc.f90:  NOT USED          
       rrtmg_lw_rtrn.f90:  NOT USED                    rrtmg_lw_rtrnmr.f90:  $Revision: 1.7 $  
     rrtmg_lw_rtrnmc.f90:  NOT USED                    rrtmglw_setcoef.f90:  $Revision: 1.6 $  
     rrtmg_lw_taumol.f90:  $Revision: 1.8 $                       rrtatm.f:  NOT USED          
              util_xxx.f:  NOT USED                                extra.f:  NOT USED          
        rrtmg_lw_k_g.f90:  $Revision: 1.4 $  
