 Wavenumbers:   10.0 - 3250.0 cm-1, ATM      1
 LEVEL    PRESSURE   UPWARD FLUX   DOWNWARD FLUX    NET FLUX       HEATING RATE
             mb          W/m2          W/m2           W/m2          degree/day
  51         .06700    281.5358        0.0000       281.5357819            0.00000
  50         .07753    281.5446        0.0373       281.5072840          -22.84141
  49         .09103    281.5554        0.0572       281.4982595           -5.64058
  48        0.1069     281.5674        0.0799       281.4875530           -5.69915
  47        0.1255     281.5805        0.1062       281.4742802           -6.01722
  46        0.1487     281.5953        0.1394       281.4559072           -6.69715
  45        0.1794     281.6134        0.1829       281.4304592           -6.98611
  44        0.2165     281.6327        0.2336       281.3991616           -7.11965
  43        0.2613     281.6522        0.2934       281.3587751           -7.61268
  42        0.3336     281.6757        0.3896       281.2860843           -8.47503
  41        0.4307     281.6971        0.5140       281.1830072           -8.96232
  40        0.5894     281.7047        0.7165       280.9882104          -10.35905
  39        1.339      281.5316        1.6011       279.9305365          -11.90749
  38        1.782      281.3501        2.0122       279.3378712          -11.28339
  37        2.292      281.1601        2.3938       278.7663112           -9.46652
  36        2.964      280.9431        2.7952       278.1478704           -7.76330
  35        3.853      280.6956        3.2248       277.4707945           -6.42557
  34        5.035      280.4205        3.7099       276.7105924           -5.43057
  33        6.613      280.1238        4.2915       275.8322645           -4.69554
  32        8.786      279.8188        4.9863       274.8324184           -3.88304
  31       11.80       279.5214        5.8304       273.6910400           -3.19550
  30       15.07       279.3063        6.5939       272.7123630           -2.52675
  29       18.79       279.1673        7.3401       271.8271508           -2.00705
  28       23.16       279.1180        8.1511       270.9668995           -1.66345
  27       28.12       279.1216        9.0191       270.1024839           -1.46945
  26       33.73       279.1757        9.9071       269.2686391           -1.25371
  25       40.54       279.2724       10.8765       268.3958632           -1.08278
  24       48.69       279.4325       11.8885       267.5440479           -0.88150
  23       57.69       279.6519       12.8395       266.8123826           -0.68583
  22       68.43       279.9585       13.7840       266.1745588           -0.50141
  21       81.20       280.3493       14.7195       265.6297511           -0.36000
  20       96.49       280.8529       15.6607       265.1921618           -0.24152
  19      114.6        281.6406       16.8018       264.8388044           -0.16499
  18      136.5        282.6602       18.1439       264.5163329           -0.12400
  17      162.9        284.1412       19.9266       264.2145586           -0.09646
  16      196.4        287.1271       23.6944       263.4326694           -0.19681
  15      218.7        289.5675       28.7747       260.7927828           -1.00227
  14      243.0        292.5154       36.5680       255.9473496           -1.68056
  13      269.0        296.0871       46.9738       249.1132587           -2.21695
  12      297.5        300.4122       58.9023       241.5099234           -2.25507
  11      328.5        305.3811       71.0931       234.2879721           -1.96363
  10      361.9        311.0370       84.0737       226.9632910           -1.85322
   9      398.1        317.3841       98.2177       219.1663439           -1.81651
   8      437.6        324.5105      113.8207       210.6897940           -1.81234
   7      480.5        332.3138      130.8004       201.5133761           -1.80221
   6      533.0        341.7831      151.7608       190.0222609           -1.84856
   5      589.8        352.2252      175.0246       177.2006572           -1.90315
   4      651.6        364.0832      201.6386       162.4445481           -2.01794
   3      718.7        377.2797      230.1382       147.1414471           -1.92318
   2      792.3        391.5723      260.7474       130.8249184           -1.87132
   1      891.5        407.6944      299.4223       108.2720954           -1.91914
   0     1013.0        424.7960      348.5429        76.2531174           -2.22324

 Wavenumbers:   10.0 -  350.0 cm-1, ATM      1
 LEVEL    PRESSURE   UPWARD FLUX   DOWNWARD FLUX    NET FLUX       HEATING RATE
             mb          W/m2          W/m2           W/m2          degree/day
  51         .06700     35.5149        0.0000        35.5149429            0.00000
  50         .07753     35.5154        0.0038        35.5115950           -2.68338
  49         .09103     35.5158        0.0061        35.5097713           -1.13985
  48        0.1069      35.5163        0.0085        35.5078628           -1.01592
  47        0.1255      35.5169        0.0112        35.5056922           -0.98405
  46        0.1487      35.5175        0.0144        35.5030525           -0.96221
  45        0.1794      35.5182        0.0183        35.4998920           -0.86764
  44        0.2165      35.5189        0.0221        35.4967899           -0.70567
  43        0.2613      35.5195        0.0258        35.4937727           -0.56873
  42        0.3336      35.5203        0.0306        35.4897912           -0.46421
  41        0.4307      35.5211        0.0358        35.4852816           -0.39210
  40        0.5894      35.5214        0.0444        35.4770026           -0.44027
  39        1.339       35.5166        0.0955        35.4211281           -0.62904
  38        1.782       35.5109        0.1270        35.3839386           -0.70803
  37        2.292       35.5046        0.1597        35.3448935           -0.64669
  36        2.964       35.4968        0.1947        35.3021310           -0.53680
  35        3.853       35.4875        0.2305        35.2569719           -0.42857
  34        5.035       35.4762        0.2699        35.2062636           -0.36224
  33        6.613       35.4626        0.3219        35.1407107           -0.35045
  32        8.786       35.4463        0.3979        35.0483503           -0.35869
  31       11.80        35.4268        0.5109        34.9158955           -0.37083
  30       15.07        35.4090        0.6276        34.7814326           -0.34716
  29       18.79        35.3927        0.7523        34.6403970           -0.31977
  28       23.16        35.3782        0.8968        34.4814026           -0.30744
  27       28.12        35.3638        1.0638        34.2999810           -0.30840
  26       33.73        35.3503        1.2481        34.1022377           -0.29731
  25       40.54        35.3363        1.4615        33.8747792           -0.28219
  24       48.69        35.3226        1.6950        33.6275909           -0.25580
  23       57.69        35.3114        1.9267        33.3847020           -0.22767
  22       68.43        35.3033        2.1756        33.1277066           -0.20203
  21       81.20        35.3017        2.4484        32.8532578           -0.18135
  20       96.49        35.3118        2.7614        32.5503508           -0.16718
  19      114.6         35.3374        3.1589        32.1785141           -0.17362
  18      136.5         35.3767        3.6902        31.6865153           -0.18919
  17      162.9         35.4583        4.5783        30.8799946           -0.25780
  16      196.4         35.7492        6.5995        29.1496425           -0.43555
  15      218.7         36.1013        9.3903        26.7110079           -0.92586
  14      243.0         36.6275       13.7864        22.8411440           -1.34220
  13      269.0         37.3503       19.5865        17.7637689           -1.64708
  12      297.5         38.2641       25.3743        12.8897295           -1.44559
  11      328.5         39.2913       30.1605         9.1307560           -1.02205
  10      361.9         40.4153       34.3357         6.0796800           -0.77195
   9      398.1         41.6110       37.9989         3.6120384           -0.57491
   8      437.6         42.8735       41.0385         1.8350239           -0.37994
   7      480.5         44.1717       43.3675         0.8042040           -0.20245
   6      533.0         45.6079       45.2803         0.3276100           -0.07667
   5      589.8         47.0626       46.8912         0.1714465           -0.02318
   4      651.6         48.5495       48.4546         0.0948567           -0.01047
   3      718.7         50.0560       50.0017         0.0543331           -0.00509
   2      792.3         51.5742       51.5458         0.0284187           -0.00297
   1      891.5         53.0588       53.0461         0.0127093           -0.00134
   0     1013.0         54.6470       54.6426         0.0044458           -0.00057

 Wavenumbers:  350.0 -  500.0 cm-1, ATM      1
 LEVEL    PRESSURE   UPWARD FLUX   DOWNWARD FLUX    NET FLUX       HEATING RATE
             mb          W/m2          W/m2           W/m2          degree/day
  51         .06700     42.7516        0.0000        42.7516266            0.00000
  50         .07753     42.7517        0.0002        42.7515696           -0.04573
  49         .09103     42.7518        0.0004        42.7514647           -0.06551
  48        0.1069      42.7520        0.0007        42.7512964           -0.08960
  47        0.1255      42.7522        0.0011        42.7510381           -0.11713
  46        0.1487      42.7524        0.0017        42.7506150           -0.15421
  45        0.1794      42.7526        0.0027        42.7499051           -0.19489
  44        0.2165      42.7529        0.0040        42.7488940           -0.23000
  43        0.2613      42.7532        0.0057        42.7474883           -0.26496
  42        0.3336      42.7535        0.0087        42.7448495           -0.30766
  41        0.4307      42.7539        0.0127        42.7411635           -0.32049
  40        0.5894      42.7540        0.0189        42.7351616           -0.31917
  39        1.339       42.7515        0.0357        42.7158390           -0.21754
  38        1.782       42.7490        0.0399        42.7091762           -0.12685
  37        2.292       42.7466        0.0430        42.7035642           -0.09295
  36        2.964       42.7439        0.0466        42.6973052           -0.07857
  35        3.853       42.7409        0.0513        42.6895873           -0.07324
  34        5.035       42.7376        0.0579        42.6797063           -0.07059
  33        6.613       42.7338        0.0668        42.6669877           -0.06799
  32        8.786       42.7297        0.0787        42.6509094           -0.06244
  31       11.80        42.7250        0.0948        42.6302236           -0.05791
  30       15.07        42.7210        0.1103        42.6106511           -0.05053
  29       18.79        42.7174        0.1256        42.5918006           -0.04274
  28       23.16        42.7143        0.1415        42.5727510           -0.03684
  27       28.12        42.7111        0.1580        42.5531608           -0.03330
  26       33.73        42.7081        0.1746        42.5335509           -0.02948
  25       40.54        42.7049        0.1930        42.5119135           -0.02684
  24       48.69        42.7015        0.2132        42.4883653           -0.02437
  23       57.69        42.6984        0.2342        42.4641956           -0.02266
  22       68.43        42.6951        0.2583        42.4368458           -0.02150
  21       81.20        42.6916        0.2868        42.4047661           -0.02120
  20       96.49        42.6853        0.3217        42.3635758           -0.02273
  19      114.6         42.6911        0.3558        42.3353597           -0.01317
  18      136.5         42.6998        0.4078        42.2920706           -0.01665
  17      162.9         42.7178        0.5015        42.2163371           -0.02421
  16      196.4         42.7774        0.7544        42.0229611           -0.04868
  15      218.7         42.8649        1.2557        41.6092141           -0.15708
  14      243.0         43.0265        2.2552        40.7713279           -0.29061
  13      269.0         43.2985        3.7481        39.5504297           -0.39605
  12      297.5         43.7176        5.9460        37.7716129           -0.52758
  11      328.5         44.2620        8.5981        35.6639254           -0.57307
  10      361.9         44.9403       11.6914        33.2488750           -0.61103
   9      398.1         45.7567       15.3594        30.3973238           -0.66435
   8      437.6         46.7320       19.8035        26.9285298           -0.74165
   7      480.5         47.8386       24.9470        22.8916357           -0.79283
   6      533.0         49.2216       31.4911        17.7305150           -0.83026
   5      589.8         50.7650       38.4645        12.3005168           -0.80599
   4      651.6         52.5367       45.5405         6.9961470           -0.72539
   3      718.7         54.4792       51.3398         3.1394051           -0.48469
   2      792.3         56.5252       55.4700         1.0552059           -0.23903
   1      891.5         58.6813       58.3783         0.3029833           -0.06401
   0     1013.0         61.0163       60.9178         0.0985035           -0.01420

 Wavenumbers:  500.0 -  630.0 cm-1, ATM      1
 LEVEL    PRESSURE   UPWARD FLUX   DOWNWARD FLUX    NET FLUX       HEATING RATE
             mb          W/m2          W/m2           W/m2          degree/day
  51         .06700     39.9783        0.0000        39.9783041            0.00000
  50         .07753     39.9788        0.0011        39.9777341           -0.45684
  49         .09103     39.9795        0.0026        39.9769067           -0.51716
  48        0.1069      39.9802        0.0044        39.9758249           -0.57584
  47        0.1255      39.9810        0.0066        39.9744326           -0.63124
  46        0.1487      39.9819        0.0095        39.9724953           -0.70613
  45        0.1794      39.9831        0.0133        39.9697795           -0.74558
  44        0.2165      39.9843        0.0178        39.9665146           -0.74269
  43        0.2613      39.9854        0.0229        39.9625298           -0.75112
  42        0.3336      39.9868        0.0309        39.9558909           -0.77404
  41        0.4307      39.9879        0.0407        39.9472361           -0.75251
  40        0.5894      39.9880        0.0559        39.9321678           -0.80132
  39        1.339       39.9758        0.1155        39.8602569           -0.80959
  38        1.782       39.9647        0.1394        39.8252852           -0.66580
  37        2.292       39.9536        0.1602        39.7934882           -0.52664
  36        2.964       39.9414        0.1822        39.7591808           -0.43066
  35        3.853       39.9277        0.2075        39.7202256           -0.36969
  34        5.035       39.9126        0.2375        39.6750700           -0.32257
  33        6.613       39.8959        0.2731        39.6227924           -0.27948
  32        8.786       39.8779        0.3150        39.5629192           -0.23253
  31       11.80        39.8586        0.3668        39.4918072           -0.19909
  30       15.07        39.8429        0.4163        39.4265368           -0.16852
  29       18.79        39.8301        0.4669        39.3632252           -0.14355
  28       23.16        39.8206        0.5231        39.2975035           -0.12708
  27       28.12        39.8127        0.5855        39.2272241           -0.11947
  26       33.73        39.8071        0.6531        39.1539414           -0.11018
  25       40.54        39.8033        0.7331        39.0702180           -0.10387
  24       48.69        39.8028        0.8259        38.9769685           -0.09650
  23       57.69        39.8075        0.9246        38.8828962           -0.08818
  22       68.43        39.8201        1.0378        38.7822691           -0.07911
  21       81.20        39.8457        1.1670        38.6786869           -0.06845
  20       96.49        39.8936        1.3129        38.5807587           -0.05405
  19      114.6         39.9711        1.4953        38.4757359           -0.04904
  18      136.5         40.0808        1.7049        38.3759707           -0.03836
  17      162.9         40.2474        1.9475        38.2998386           -0.02433
  16      196.4         40.5572        2.3013        38.2559004           -0.01106
  15      218.7         40.7992        2.6522        38.1470157           -0.04134
  14      243.0         41.0953        3.1664        37.9289130           -0.07565
  13      269.0         41.4615        3.9012        37.5602860           -0.11958
  12      297.5         41.9328        4.9277        37.0051612           -0.16464
  11      328.5         42.4865        6.2656        36.2209225           -0.21323
  10      361.9         43.1333        7.9629        35.1704060           -0.26579
   9      398.1         43.8829       10.0943        33.7886800           -0.32191
   8      437.6         44.7519       12.7791        31.9727523           -0.38826
   7      480.5         45.7310       16.0780        29.6529620           -0.45560
   6      533.0         46.9736       20.6676        26.3060770           -0.53841
   5      589.8         48.3867       26.2696        22.1171077           -0.62178
   4      651.6         50.0548       33.2477        16.8071112           -0.72616
   3      718.7         51.9389       40.8964        11.0424732           -0.72446
   2      792.3         53.9555       48.2607         5.6947975           -0.61332
   1      891.5         56.2720       54.5397         1.7323543           -0.33718
   0     1013.0         58.7644       58.3527         0.4117237           -0.09170

 Wavenumbers:  630.0 -  700.0 cm-1, ATM      1
 LEVEL    PRESSURE   UPWARD FLUX   DOWNWARD FLUX    NET FLUX       HEATING RATE
             mb          W/m2          W/m2           W/m2          degree/day
  51         .06700     12.0419        0.0000        12.0419118            0.00000
  50         .07753     12.0480        0.0298        12.0182308          -18.98073
  49         .09103     12.0555        0.0430        12.0124246           -3.62905
  48        0.1069      12.0635        0.0581        12.0054513           -3.71189
  47        0.1255      12.0722        0.0752        11.9969838           -3.83876
  46        0.1487      12.0818        0.0963        11.9855183           -4.17927
  45        0.1794      12.0934        0.1235        11.9699013           -4.28725
  44        0.2165      12.1057        0.1548        11.9508490           -4.33406
  43        0.2613      12.1179        0.1915        11.9263172           -4.62415
  42        0.3336      12.1325        0.2501        11.8824622           -5.11306
  41        0.4307      12.1462        0.3250        11.8211684           -5.32936
  40        0.5894      12.1519        0.4445        11.7073966           -6.05024
  39        1.339       12.0683        0.9445        11.1237493           -6.57081
  38        1.782       11.9736        1.1701        10.8034825           -6.09736
  37        2.292       11.8740        1.3762        10.4978242           -5.06250
  36        2.964       11.7602        1.5848        10.1753541           -4.04797
  35        3.853       11.6292        1.7947         9.8344640           -3.23511
  34        5.035       11.4794        2.0249         9.4544503           -2.71466
  33        6.613       11.3089        2.3123         8.9965739           -2.44781
  32        8.786       11.1172        2.6739         8.4433560           -2.14850
  31       11.80        10.9032        3.1238         7.7794840           -1.85863
  30       15.07        10.7172        3.5310         7.1861945           -1.53176
  29       18.79        10.5527        3.9284         6.6243604           -1.27385
  28       23.16        10.4173        4.3594         6.0578595           -1.09543
  27       28.12        10.2865        4.8106         5.4758974           -0.98930
  26       33.73        10.1652        5.2630         4.9022454           -0.86250
  25       40.54        10.0340        5.7459         4.2881061           -0.76191
  24       48.69         9.8939        6.2328         3.6611127           -0.64884
  23       57.69         9.7583        6.6671         3.0911249           -0.53428
  22       68.43         9.6201        7.0625         2.5576503           -0.41938
  21       81.20         9.5064        7.4119         2.0945105           -0.30604
  20       96.49         9.4466        7.7074         1.7391817           -0.19612
  19      114.6          9.4859        8.0323         1.4535979           -0.13335
  18      136.5          9.5609        8.3450         1.2159722           -0.09137
  17      162.9          9.7628        8.6177         1.1450849           -0.02266
  16      196.4         10.7306        9.2962         1.4344329            0.07283
  15      218.7         11.5738       10.1744         1.3993742           -0.01331
  14      243.0         12.4798       11.1775         1.3022192           -0.03370
  13      269.0         13.4412       12.2811         1.1601381           -0.04609
  12      297.5         14.4493       13.4443         1.0050021           -0.04601
  11      328.5         15.5089       14.6434         0.8655294           -0.03792
  10      361.9         16.6302       15.8865         0.7437029           -0.03082
   9      398.1         17.8007       17.1634         0.6372896           -0.02479
   8      437.6         19.0195       18.4728         0.5466585           -0.01938
   7      480.5         20.2739       19.8152         0.4586942           -0.01728
   6      533.0         21.6735       21.3018         0.3716589           -0.01400
   5      589.8         23.1119       22.7975         0.3143943           -0.00850
   4      651.6         24.6003       24.3343         0.2659571           -0.00662
   3      718.7         26.1367       25.9125         0.2241115           -0.00526
   2      792.3         27.7014       27.5327         0.1686720           -0.00636
   1      891.5         29.2762       29.1648         0.1113703           -0.00488
   0     1013.0         30.9664       30.9182         0.0482431           -0.00438

 Wavenumbers:  700.0 -  820.0 cm-1, ATM      1
 LEVEL    PRESSURE   UPWARD FLUX   DOWNWARD FLUX    NET FLUX       HEATING RATE
             mb          W/m2          W/m2           W/m2          degree/day
  51         .06700     34.9873        0.0000        34.9873164            0.00000
  50         .07753     34.9881        0.0015        34.9866091           -0.56689
  49         .09103     34.9891        0.0034        34.9857914           -0.51111
  48        0.1069      34.9903        0.0055        34.9848174           -0.51842
  47        0.1255      34.9916        0.0080        34.9835444           -0.57714
  46        0.1487      34.9931        0.0114        34.9816498           -0.69059
  45        0.1794      34.9949        0.0161        34.9788636           -0.76489
  44        0.2165      34.9969        0.0216        34.9753089           -0.80863
  43        0.2613      34.9989        0.0282        34.9706728           -0.87387
  42        0.3336      35.0013        0.0389        34.9623771           -0.96720
  41        0.4307      35.0034        0.0524        34.9509428           -0.99419
  40        0.5894      35.0039        0.0735        34.9303409           -1.09559
  39        1.339       34.9835        0.1503        34.8331929           -1.09371
  38        1.782       34.9639        0.1819        34.7820295           -0.97407
  37        2.292       34.9437        0.2123        34.7313931           -0.83867
  36        2.964       34.9207        0.2488        34.6719072           -0.74673
  35        3.853       34.8945        0.2936        34.6009389           -0.67350
  34        5.035       34.8652        0.3469        34.5183610           -0.58990
  33        6.613       34.8335        0.4083        34.4252102           -0.49798
  32        8.786       34.8011        0.4779        34.3232135           -0.39612
  31       11.80        34.7693        0.5604        34.2088389           -0.32021
  30       15.07        34.7464        0.6348        34.1116151           -0.25101
  29       18.79        34.7312        0.7066        34.0245563           -0.19739
  28       23.16        34.7237        0.7822        33.9414839           -0.16064
  27       28.12        34.7215        0.8622        33.8593196           -0.13967
  26       33.73        34.7246        0.9437        33.7809172           -0.11788
  25       40.54        34.7324        1.0333        33.6990369           -0.10158
  24       48.69        34.7474        1.1296        33.6177777           -0.08409
  23       57.69        34.7697        1.2226        33.5471143           -0.06624
  22       68.43        34.8032        1.3180        33.4851908           -0.04868
  21       81.20        34.8513        1.4137        33.4375668           -0.03147
  20       96.49        34.9258        1.5110        33.4148705           -0.01253
  19      114.6         35.0232        1.6378        33.3854558           -0.01373
  18      136.5         35.1569        1.7843        33.3725746           -0.00495
  17      162.9         35.3583        1.9590        33.3992917            0.00854
  16      196.4         35.7394        2.2340        33.5054734            0.02673
  15      218.7         36.0316        2.5215        33.5101256            0.00177
  14      243.0         36.3677        2.9096        33.4581417           -0.01803
  13      269.0         36.7488        3.3994        33.3494084           -0.03527
  12      297.5         37.1824        4.0067        33.1757242           -0.05151
  11      328.5         37.6702        4.7362        32.9339716           -0.06573
  10      361.9         38.2193        5.6088        32.6105148           -0.08184
   9      398.1         38.8282        6.6347        32.1935425           -0.09715
   8      437.6         39.5036        7.8400        31.6636514           -0.11329
   7      480.5         40.2366        9.2388        30.9977451           -0.13078
   6      533.0         41.1390       11.0872        30.0518331           -0.15217
   5      589.8         42.1327       13.2494        28.8833780           -0.17344
   4      651.6         43.2599       15.9247        27.3352614           -0.21171
   3      718.7         44.5191       19.3006        25.2184984           -0.26602
   2      792.3         45.8481       23.7725        22.0756302           -0.36045
   1      891.5         47.4391       30.9916        16.4475234           -0.47892
   0     1013.0         49.0137       40.2592         8.7545487           -0.53416

 Wavenumbers:  820.0 -  980.0 cm-1, ATM      1
 LEVEL    PRESSURE   UPWARD FLUX   DOWNWARD FLUX    NET FLUX       HEATING RATE
             mb          W/m2          W/m2           W/m2          degree/day
  51         .06700     51.0043        0.0000        51.0043264            0.00000
  50         .07753     51.0043        0.0000        51.0043264            0.00000
  49         .09103     51.0043        0.0000        51.0043264            0.00000
  48        0.1069      51.0043        0.0000        51.0043264            0.00000
  47        0.1255      51.0043        0.0000        51.0043264            0.00000
  46        0.1487      51.0043        0.0000        51.0043264            0.00000
  45        0.1794      51.0043        0.0000        51.0043264            0.00000
  44        0.2165      51.0043        0.0000        51.0043264            0.00000
  43        0.2613      51.0043        0.0000        51.0043264            0.00000
  42        0.3336      51.0043        0.0000        51.0043264            0.00000
  41        0.4307      51.0043        0.0000        51.0043264            0.00000
  40        0.5894      51.0043        0.0000        51.0043264            0.00000
  39        1.339       51.0043        0.0000        51.0043264            0.00000
  38        1.782       51.0043        0.0000        51.0043264            0.00000
  37        2.292       51.0043        0.0000        51.0043264            0.00000
  36        2.964       51.0043        0.0000        51.0043264            0.00000
  35        3.853       51.0043        0.0000        51.0043264            0.00000
  34        5.035       51.0043        0.0000        51.0043264            0.00000
  33        6.613       51.0043        0.0000        51.0043264            0.00000
  32        8.786       51.0043        0.0000        51.0043264            0.00000
  31       11.80        51.0043        0.0000        51.0043264            0.00000
  30       15.07        51.0043        0.0000        51.0043264            0.00000
  29       18.79        51.0043        0.0000        51.0043264            0.00000
  28       23.16        51.0043        0.0000        51.0043264            0.00000
  27       28.12        51.0043        0.0000        51.0043264            0.00000
  26       33.73        51.0043        0.0000        51.0043264            0.00000
  25       40.54        51.0043        0.0000        51.0043264            0.00000
  24       48.69        51.0043        0.0000        51.0043264            0.00000
  23       57.69        51.0043        0.0000        51.0043264            0.00000
  22       68.43        51.0043        0.0000        51.0043264            0.00000
  21       81.20        51.0043        0.0000        51.0043264            0.00000
  20       96.49        51.0043        0.0000        51.0043264            0.00000
  19      114.6         51.0087        0.0012        51.0074941            0.00148
  18      136.5         51.0139        0.0027        51.0112620            0.00145
  17      162.9         51.0202        0.0044        51.0157768            0.00144
  16      196.4         51.0285        0.0068        51.0217268            0.00150
  15      218.7         51.0348        0.0090        51.0258212            0.00155
  14      243.0         51.0426        0.0122        51.0304388            0.00160
  13      269.0         51.0528        0.0173        51.0355408            0.00166
  12      297.5         51.0668        0.0258        51.0409693            0.00161
  11      328.5         51.0851        0.0395        51.0456467            0.00127
  10      361.9         51.1096        0.0618        51.0478675            0.00056
   9      398.1         51.1426        0.0983        51.0442195           -0.00085
   8      437.6         51.1880        0.1599        51.0281320           -0.00344
   7      480.5         51.2495        0.2611        50.9884106           -0.00780
   6      533.0         51.3471        0.4574        50.8897361           -0.01587
   5      589.8         51.4895        0.8086        50.6809201           -0.03100
   4      651.6         51.7223        1.5197        50.2026423           -0.06541
   3      718.7         52.0736        2.8974        49.1761923           -0.12900
   2      792.3         52.5765        5.6148        46.9617927           -0.25397
   1      891.5         53.3919       12.2702        41.1216772           -0.49697
   0     1013.0         54.1245       24.8192        29.3053153           -0.82047

 Wavenumbers:  980.0 - 1080.0 cm-1, ATM      1
 LEVEL    PRESSURE   UPWARD FLUX   DOWNWARD FLUX    NET FLUX       HEATING RATE
             mb          W/m2          W/m2           W/m2          degree/day
  51         .06700     17.8877        0.0000        17.8877403            0.00000
  50         .07753     17.8880        0.0001        17.8878773            0.10982
  49         .09103     17.8883        0.0003        17.8880250            0.09229
  48        0.1069      17.8888        0.0006        17.8881434            0.06306
  47        0.1255      17.8893        0.0011        17.8881863            0.01942
  46        0.1487      17.8899        0.0019        17.8880598           -0.04610
  45        0.1794      17.8908        0.0032        17.8875669           -0.13531
  44        0.2165      17.8917        0.0053        17.8864600           -0.25180
  43        0.2613      17.8927        0.0083        17.8843269           -0.40209
  42        0.3336      17.8938        0.0148        17.8789667           -0.62494
  41        0.4307      17.8943        0.0253        17.8689997           -0.86660
  40        0.5894      17.8928        0.0467        17.8460624           -1.21978
  39        1.339       17.8563        0.1897        17.6666795           -2.01953
  38        1.782       17.8237        0.2725        17.5511294           -2.19989
  37        2.292       17.7876        0.3510        17.4366204           -1.89657
  36        2.964       17.7443        0.4347        17.3095699           -1.59487
  35        3.853       17.6939        0.5290        17.1648898           -1.37304
  34        5.035       17.6404        0.6368        17.0036238           -1.15202
  33        6.613       17.5905        0.7532        16.8372289           -0.88955
  32        8.786       17.5549        0.8677        16.6872026           -0.58265
  31       11.80        17.5484        0.9815        16.5668965           -0.33682
  30       15.07        17.5756        1.0712        16.5043939           -0.16137
  29       18.79        17.6396        1.1507        16.4888412           -0.03526
  28       23.16        17.7456        1.2304        16.5151994            0.05097
  27       28.12        17.8895        1.3099        16.5796008            0.10948
  26       33.73        18.0643        1.3812        16.6831314            0.15566
  25       40.54        18.2835        1.4479        16.8356105            0.18917
  24       48.69        18.5613        1.5082        17.0530582            0.22502
  23       57.69        18.8770        1.5564        17.3206397            0.25082
  22       68.43        19.2561        1.5962        17.6598828            0.26669
  21       81.20        19.6564        1.6249        18.0315160            0.24557
  20       96.49        20.0493        1.6445        18.4047576            0.20600
  19      114.6         20.4977        1.6635        18.8342087            0.20052
  18      136.5         21.0299        1.6877        19.3422577            0.19536
  17      162.9         21.6738        1.7163        19.9575754            0.19668
  16      196.4         22.3596        1.7537        20.6059598            0.16321
  15      218.7         22.7225        1.7932        20.9292330            0.12273
  14      243.0         23.0685        1.8480        21.2205738            0.10105
  13      269.0         23.3860        1.9148        21.4711699            0.08129
  12      297.5         23.6688        1.9912        21.6776446            0.06124
  11      328.5         23.9396        2.0824        21.8572007            0.04882
  10      361.9         24.1952        2.1887        22.0065076            0.03778
   9      398.1         24.4345        2.3112        22.1233640            0.02722
   8      437.6         24.6612        2.4538        22.2074045            0.01797
   7      480.5         24.8731        2.6186        22.2544964            0.00925
   6      533.0         25.1011        2.8420        22.2590797            0.00074
   5      589.8         25.3228        3.1211        22.2017753           -0.00851
   4      651.6         25.5539        3.5060        22.0478692           -0.02105
   3      718.7         25.8026        4.0742        21.7283854           -0.04015
   2      792.3         26.0791        5.0008        21.0782934           -0.07456
   1      891.5         26.4501        7.0755        19.3745846           -0.14498
   0     1013.0         26.7325       11.1207        15.6118197           -0.26127

 Wavenumbers: 1080.0 - 1180.0 cm-1, ATM      1
 LEVEL    PRESSURE   UPWARD FLUX   DOWNWARD FLUX    NET FLUX       HEATING RATE
             mb          W/m2          W/m2           W/m2          degree/day
  51         .06700     19.5615        0.0000        19.5614897            0.00000
  50         .07753     19.5615        0.0000        19.5614908            0.00089
  49         .09103     19.5615        0.0000        19.5614917            0.00055
  48        0.1069      19.5615        0.0000        19.5614917            0.00001
  47        0.1255      19.5615        0.0000        19.5614900           -0.00079
  46        0.1487      19.5615        0.0000        19.5614844           -0.00204
  45        0.1794      19.5615        0.0000        19.5614706           -0.00377
  44        0.2165      19.5615        0.0001        19.5614442           -0.00600
  43        0.2613      19.5615        0.0001        19.5613967           -0.00896
  42        0.3336      19.5615        0.0002        19.5612803           -0.01357
  41        0.4307      19.5615        0.0004        19.5610632           -0.01888
  40        0.5894      19.5614        0.0008        19.5605529           -0.02714
  39        1.339       19.5603        0.0043        19.5560459           -0.05074
  38        1.782       19.5595        0.0069        19.5526276           -0.06508
  37        2.292       19.5588        0.0102        19.5486089           -0.06656
  36        2.964       19.5582        0.0148        19.5434404           -0.06488
  35        3.853       19.5581        0.0209        19.5372023           -0.05920
  34        5.035       19.5593        0.0287        19.5306119           -0.04708
  33        6.613       19.5625        0.0376        19.5249304           -0.03037
  32        8.786       19.5690        0.0472        19.5217994           -0.01216
  31       11.80        19.5805        0.0576        19.5228595            0.00297
  30       15.07        19.5940        0.0662        19.5278738            0.01295
  29       18.79        19.6102        0.0739        19.5363720            0.01927
  28       23.16        19.6294        0.0812        19.5481345            0.02274
  27       28.12        19.6507        0.0883        19.5623620            0.02419
  26       33.73        19.6724        0.0947        19.5777085            0.02307
  25       40.54        19.6955        0.1008        19.5947250            0.02111
  24       48.69        19.7201        0.1066        19.6134740            0.01940
  23       57.69        19.7437        0.1117        19.6319061            0.01728
  22       68.43        19.7676        0.1165        19.6510397            0.01504
  21       81.20        19.7895        0.1206        19.6688963            0.01180
  20       96.49        19.8093        0.1241        19.6851500            0.00897
  19      114.6         19.8349        0.1284        19.7064915            0.00996
  18      136.5         19.8619        0.1328        19.7291209            0.00870
  17      162.9         19.8912        0.1376        19.7535883            0.00782
  16      196.4         19.9224        0.1430        19.7794229            0.00650
  15      218.7         19.9404        0.1468        19.7936192            0.00539
  14      243.0         19.9592        0.1516        19.8076235            0.00486
  13      269.0         19.9794        0.1579        19.8214162            0.00447
  12      297.5         20.0020        0.1670        19.8349480            0.00401
  11      328.5         20.0278        0.1804        19.8474041            0.00339
  10      361.9         20.0580        0.2006        19.8573758            0.00252
   9      398.1         20.0939        0.2315        19.8624264            0.00118
   8      437.6         20.1379        0.2794        19.8585097           -0.00084
   7      480.5         20.1913        0.3520        19.8393335           -0.00377
   6      533.0         20.2674        0.4799        19.7875117           -0.00834
   5      589.8         20.3662        0.6838        19.6824069           -0.01560
   4      651.6         20.5059        1.0319        19.4739469           -0.02851
   3      718.7         20.6937        1.5925        19.1012219           -0.04684
   2      792.3         20.9351        2.5066        18.4285580           -0.07715
   1      891.5         21.2869        4.4196        16.8673607           -0.13285
   0     1013.0         21.6042        7.8983        13.7058475           -0.21952

 Wavenumbers: 1180.0 - 1390.0 cm-1, ATM      1
 LEVEL    PRESSURE   UPWARD FLUX   DOWNWARD FLUX    NET FLUX       HEATING RATE
             mb          W/m2          W/m2           W/m2          degree/day
  51         .06700     18.3995        0.0000        18.3995073            0.00000
  50         .07753     18.3995        0.0000        18.3995075            0.00020
  49         .09103     18.3995        0.0000        18.3995055           -0.00130
  48        0.1069      18.3995        0.0000        18.3994998           -0.00302
  47        0.1255      18.3995        0.0000        18.3994890           -0.00489
  46        0.1487      18.3995        0.0001        18.3994692           -0.00723
  45        0.1794      18.3995        0.0001        18.3994332           -0.00989
  44        0.2165      18.3995        0.0001        18.3993784           -0.01246
  43        0.2613      18.3995        0.0002        18.3992976           -0.01522
  42        0.3336      18.3994        0.0003        18.3991322           -0.01929
  41        0.4307      18.3993        0.0005        18.3988645           -0.02328
  40        0.5894      18.3991        0.0008        18.3983235           -0.02877
  39        1.339       18.3976        0.0032        18.3944340           -0.04379
  38        1.782       18.3965        0.0049        18.3915921           -0.05411
  37        2.292       18.3952        0.0069        18.3883273           -0.05407
  36        2.964       18.3937        0.0095        18.3842155           -0.05162
  35        3.853       18.3918        0.0127        18.3791541           -0.04803
  34        5.035       18.3897        0.0166        18.3730812           -0.04338
  33        6.613       18.3872        0.0212        18.3659895           -0.03791
  32        8.786       18.3844        0.0265        18.3579810           -0.03110
  31       11.80        18.3814        0.0327        18.3486883           -0.02602
  30       15.07        18.3789        0.0384        18.3404308           -0.02132
  29       18.79        18.3769        0.0441        18.3328056           -0.01729
  28       23.16        18.3754        0.0502        18.3252404           -0.01463
  27       28.12        18.3743        0.0568        18.3174363           -0.01327
  26       33.73        18.3736        0.0644        18.3092206           -0.01235
  25       40.54        18.3736        0.0740        18.2995433           -0.01201
  24       48.69        18.3746        0.0861        18.2884651           -0.01146
  23       57.69        18.3774        0.1000        18.2773286           -0.01044
  22       68.43        18.3832        0.1170        18.2662218           -0.00873
  21       81.20        18.3939        0.1370        18.2569902           -0.00610
  20       96.49        18.4124        0.1599        18.2525285           -0.00246
  19      114.6         18.4621        0.1955        18.2665208            0.00653
  18      136.5         18.5305        0.2379        18.2926329            0.01004
  17      162.9         18.6281        0.2871        18.3410334            0.01547
  16      196.4         18.7857        0.3562        18.4294437            0.02225
  15      218.7         18.9031        0.4264        18.4766646            0.01793
  14      243.0         19.0494        0.5339        18.5155303            0.01348
  13      269.0         19.2414        0.6958        18.5456207            0.00976
  12      297.5         19.5037        0.9359        18.5678663            0.00660
  11      328.5         19.8289        1.2778        18.5510650           -0.00457
  10      361.9         20.2222        1.7464        18.4757592           -0.01905
   9      398.1         20.6945        2.3766        18.3179108           -0.03678
   8      437.6         21.2542        3.2054        18.0487571           -0.05755
   7      480.5         21.8950        4.2547        17.6402613           -0.08023
   6      533.0         22.7270        5.7454        16.9816428           -0.10595
   5      589.8         23.6966        7.5905        16.1061515           -0.12995
   4      651.6         24.8656        9.9064        14.9591966           -0.15685
   3      718.7         26.2251       12.6287        13.5964151           -0.17126
   2      792.3         27.7375       15.8126        11.9249270           -0.19170
   1      891.5         29.5543       20.0574         9.4969175           -0.20661
   0     1013.0         31.4339       25.1415         6.2924219           -0.22250

 Wavenumbers: 1390.0 - 1480.0 cm-1, ATM      1
 LEVEL    PRESSURE   UPWARD FLUX   DOWNWARD FLUX    NET FLUX       HEATING RATE
             mb          W/m2          W/m2           W/m2          degree/day
  51         .06700      2.2823        0.0000         2.2823005            0.00000
  50         .07753      2.2824        0.0000         2.2823385            0.03051
  49         .09103      2.2824        0.0000         2.2823823            0.02733
  48        0.1069       2.2825        0.0001         2.2824252            0.02283
  47        0.1255       2.2826        0.0001         2.2824626            0.01697
  46        0.1487       2.2827        0.0002         2.2824892            0.00970
  45        0.1794       2.2828        0.0003         2.2824919            0.00075
  44        0.2165       2.2829        0.0005         2.2824439           -0.01091
  43        0.2613       2.2831        0.0008         2.2823121           -0.02486
  42        0.3336       2.2832        0.0013         2.2819389           -0.04351
  41        0.4307       2.2833        0.0021         2.2812207           -0.06244
  40        0.5894       2.2832        0.0036         2.2795904           -0.08670
  39        1.339        2.2807        0.0107         2.2700586           -0.10731
  38        1.782        2.2790        0.0132         2.2658772           -0.07961
  37        2.292        2.2775        0.0146         2.2629371           -0.04870
  36        2.964        2.2760        0.0152         2.2608751           -0.02589
  35        3.853        2.2746        0.0149         2.2596638           -0.01150
  34        5.035        2.2731        0.0140         2.2591230           -0.00386
  33        6.613        2.2717        0.0128         2.2589300           -0.00103
  32        8.786        2.2703        0.0116         2.2587415           -0.00073
  31       11.80         2.2690        0.0108         2.2581592           -0.00163
  30       15.07         2.2679        0.0107         2.2571745           -0.00254
  29       18.79         2.2670        0.0110         2.2559953           -0.00267
  28       23.16         2.2663        0.0118         2.2545526           -0.00279
  27       28.12         2.2657        0.0129         2.2527799           -0.00301
  26       33.73         2.2652        0.0143         2.2508436           -0.00291
  25       40.54         2.2646        0.0160         2.2485997           -0.00278
  24       48.69         2.2642        0.0180         2.2461776           -0.00251
  23       57.69         2.2639        0.0200         2.2438425           -0.00219
  22       68.43         2.2638        0.0223         2.2415053           -0.00184
  21       81.20         2.2640        0.0247         2.2392940           -0.00146
  20       96.49         2.2647        0.0274         2.2373227           -0.00109
  19      114.6          2.2660        0.0305         2.2355072           -0.00085
  18      136.5          2.2680        0.0344         2.2336619           -0.00071
  17      162.9          2.2723        0.0402         2.2321071           -0.00050
  16      196.4          2.2872        0.0546         2.2325294            0.00011
  15      218.7          2.3095        0.0876         2.2219867           -0.00400
  14      243.0          2.3521        0.1605         2.1916134           -0.01053
  13      269.0          2.4267        0.3018         2.1248565           -0.02166
  12      297.5          2.5465        0.5163         2.0302460           -0.02806
  11      328.5          2.7092        0.7962         1.9129572           -0.03189
  10      361.9          2.9192        1.1732         1.7459966           -0.04224
   9      398.1          3.1812        1.6551         1.5260642           -0.05124
   8      437.6          3.5033        2.2448         1.2584982           -0.05721
   7      480.5          3.8799        2.9202         0.9597471           -0.05867
   6      533.0          4.3610        3.7317         0.6292688           -0.05316
   5      589.8          4.9123        4.5446         0.3676204           -0.03884
   4      651.6          5.5536        5.3511         0.2024593           -0.02259
   3      718.7          6.2783        6.1562         0.1221837           -0.01009
   2      792.3          7.0799        7.0108         0.0691857           -0.00608
   1      891.5          7.9426        7.9089         0.0337179           -0.00302
   0     1013.0          8.9414        8.9288         0.0126189           -0.00147

 Wavenumbers: 1480.0 - 1800.0 cm-1, ATM      1
 LEVEL    PRESSURE   UPWARD FLUX   DOWNWARD FLUX    NET FLUX       HEATING RATE
             mb          W/m2          W/m2           W/m2          degree/day
  51         .06700      2.8569        0.0000         2.8568787            0.00000
  50         .07753      2.8571        0.0001         2.8570594            0.14487
  49         .09103      2.8574        0.0001         2.8572664            0.12935
  48        0.1069       2.8577        0.0003         2.8574715            0.10921
  47        0.1255       2.8581        0.0005         2.8576580            0.08455
  46        0.1487       2.8586        0.0007         2.8578125            0.05630
  45        0.1794       2.8591        0.0012         2.8579050            0.02540
  44        0.2165       2.8597        0.0019         2.8578434           -0.01402
  43        0.2613       2.8603        0.0028         2.8575286           -0.05933
  42        0.3336       2.8611        0.0046         2.8565551           -0.11350
  41        0.4307       2.8618        0.0071         2.8547156           -0.15994
  40        0.5894       2.8622        0.0115         2.8506697           -0.21516
  39        1.339        2.8570        0.0261         2.8309552           -0.22195
  38        1.782        2.8526        0.0291         2.8234808           -0.14230
  37        2.292        2.8485        0.0299         2.8186169           -0.08056
  36        2.964        2.8445        0.0302         2.8143799           -0.05319
  35        3.853        2.8406        0.0306         2.8099673           -0.04188
  34        5.035        2.8367        0.0316         2.8050761           -0.03494
  33        6.613        2.8328        0.0330         2.7997410           -0.02852
  32        8.786        2.8288        0.0345         2.7943475           -0.02095
  31       11.80         2.8249        0.0358         2.7891333           -0.01460
  30       15.07         2.8218        0.0363         2.7854434           -0.00953
  29       18.79         2.8193        0.0365         2.7828137           -0.00596
  28       23.16         2.8173        0.0369         2.7804754           -0.00452
  27       28.12         2.8156        0.0379         2.7776682           -0.00477
  26       33.73         2.8142        0.0398         2.7743747           -0.00495
  25       40.54         2.8129        0.0427         2.7701951           -0.00519
  24       48.69         2.8120        0.0465         2.7654447           -0.00492
  23       57.69         2.8117        0.0509         2.7608079           -0.00435
  22       68.43         2.8122        0.0559         2.7562982           -0.00355
  21       81.20         2.8143        0.0618         2.7524506           -0.00254
  20       96.49         2.8189        0.0687         2.7502178           -0.00123
  19      114.6          2.8252        0.0787         2.7464780           -0.00175
  18      136.5          2.8345        0.0910         2.7434416           -0.00117
  17      162.9          2.8519        0.1100         2.7418660           -0.00050
  16      196.4          2.9047        0.1606         2.7441289            0.00057
  15      218.7          2.9762        0.2715         2.7047152           -0.01496
  14      243.0          3.1020        0.4999         2.6020665           -0.03560
  13      269.0          3.3074        0.8685         2.4389195           -0.05292
  12      297.5          3.6167        1.4152         2.2014311           -0.07044
  11      328.5          4.0200        2.0910         1.9289560           -0.07409
  10      361.9          4.5258        2.8937         1.6320395           -0.07512
   9      398.1          5.1402        3.8251         1.3151142           -0.07384
   8      437.6          5.8785        4.8727         1.0058615           -0.06612
   7      480.5          6.7335        6.0083         0.7251947           -0.05512
   6      533.0          7.8053        7.3392         0.4661471           -0.04167
   5      589.8          9.0270        8.7379         0.2890878           -0.02628
   4      651.6         10.4318       10.2542         0.1775991           -0.01525
   3      718.7         12.0219       11.9075         0.1144061           -0.00794
   2      792.3         13.7988       13.7316         0.0671836           -0.00542
   1      891.5         15.7203       15.6863         0.0339142           -0.00283
   0     1013.0         17.9800       17.9670         0.0130020           -0.00145

 Wavenumbers: 1800.0 - 2080.0 cm-1, ATM      1
 LEVEL    PRESSURE   UPWARD FLUX   DOWNWARD FLUX    NET FLUX       HEATING RATE
             mb          W/m2          W/m2           W/m2          degree/day
  51         .06700      2.4414        0.0000         2.4414087            0.00000
  50         .07753      2.4414        0.0000         2.4414087            0.00000
  49         .09103      2.4414        0.0000         2.4414087            0.00000
  48        0.1069       2.4414        0.0000         2.4414087            0.00000
  47        0.1255       2.4414        0.0000         2.4414087            0.00000
  46        0.1487       2.4414        0.0000         2.4414087            0.00000
  45        0.1794       2.4414        0.0000         2.4414087            0.00000
  44        0.2165       2.4414        0.0000         2.4414087            0.00000
  43        0.2613       2.4414        0.0000         2.4414087            0.00000
  42        0.3336       2.4414        0.0000         2.4414087            0.00000
  41        0.4307       2.4414        0.0000         2.4414087            0.00000
  40        0.5894       2.4414        0.0000         2.4414087            0.00000
  39        1.339        2.4414        0.0000         2.4414087            0.00000
  38        1.782        2.4414        0.0000         2.4414087            0.00000
  37        2.292        2.4414        0.0000         2.4414087            0.00000
  36        2.964        2.4414        0.0000         2.4414087            0.00000
  35        3.853        2.4414        0.0000         2.4414087            0.00000
  34        5.035        2.4414        0.0000         2.4414087            0.00000
  33        6.613        2.4414        0.0000         2.4414087            0.00000
  32        8.786        2.4414        0.0000         2.4414087            0.00000
  31       11.80         2.4414        0.0000         2.4414087            0.00000
  30       15.07         2.4414        0.0000         2.4414087            0.00000
  29       18.79         2.4414        0.0000         2.4414087            0.00000
  28       23.16         2.4414        0.0000         2.4414087            0.00000
  27       28.12         2.4414        0.0000         2.4414087            0.00000
  26       33.73         2.4414        0.0000         2.4414087            0.00000
  25       40.54         2.4414        0.0000         2.4414087            0.00000
  24       48.69         2.4414        0.0000         2.4414087            0.00000
  23       57.69         2.4414        0.0000         2.4414087            0.00000
  22       68.43         2.4414        0.0000         2.4414087            0.00000
  21       81.20         2.4414        0.0000         2.4414087            0.00000
  20       96.49         2.4414        0.0000         2.4414087            0.00000
  19      114.6          2.4426        0.0010         2.4415929            0.00009
  18      136.5          2.4443        0.0020         2.4423584            0.00029
  17      162.9          2.4470        0.0032         2.4438547            0.00048
  16      196.4          2.4527        0.0056         2.4470766            0.00081
  15      218.7          2.4593        0.0103         2.4489395            0.00071
  14      243.0          2.4710        0.0208         2.4501524            0.00042
  13      269.0          2.4914        0.0415         2.4498805           -0.00009
  12      297.5          2.5252        0.0735         2.4516931            0.00054
  11      328.5          2.5733        0.1195         2.4538038            0.00057
  10      361.9          2.6392        0.1900         2.4491324           -0.00118
   9      398.1          2.7270        0.2948         2.4321428           -0.00396
   8      437.6          2.8429        0.4444         2.3985835           -0.00718
   7      480.5          2.9889        0.6458         2.3431874           -0.01088
   6      533.0          3.1942        0.9505         2.2437087           -0.01600
   5      589.8          3.4527        1.3597         2.0930764           -0.02236
   4      651.6          3.7889        1.9060         1.8829406           -0.02874
   3      718.7          4.2055        2.5689         1.6366368           -0.03095
   2      792.3          4.6975        3.3646         1.3328712           -0.03484
   1      891.5          5.3031        4.3741         0.9289979           -0.03437
   0     1013.0          5.9963        5.5161         0.4802306           -0.03116

 Wavenumbers: 2080.0 - 2250.0 cm-1, ATM      1
 LEVEL    PRESSURE   UPWARD FLUX   DOWNWARD FLUX    NET FLUX       HEATING RATE
             mb          W/m2          W/m2           W/m2          degree/day
  51         .06700      0.8845        0.0000         0.8844661            0.00000
  50         .07753      0.8845        0.0000         0.8844665            0.00032
  49         .09103      0.8845        0.0000         0.8844670            0.00032
  48        0.1069       0.8845        0.0000         0.8844675            0.00031
  47        0.1255       0.8845        0.0000         0.8844681            0.00026
  46        0.1487       0.8845        0.0000         0.8844686            0.00017
  45        0.1794       0.8845        0.0000         0.8844687            0.00002
  44        0.2165       0.8845        0.0000         0.8844676           -0.00024
  43        0.2613       0.8845        0.0000         0.8844643           -0.00063
  42        0.3336       0.8845        0.0000         0.8844534           -0.00127
  41        0.4307       0.8845        0.0000         0.8844291           -0.00211
  40        0.5894       0.8845        0.0001         0.8843629           -0.00352
  39        1.339        0.8842        0.0005         0.8836833           -0.00765
  38        1.782        0.8841        0.0009         0.8831777           -0.00963
  37        2.292        0.8840        0.0013         0.8826380           -0.00894
  36        2.964        0.8839        0.0019         0.8820263           -0.00768
  35        3.853        0.8839        0.0025         0.8814034           -0.00591
  34        5.035        0.8842        0.0033         0.8809045           -0.00356
  33        6.613        0.8849        0.0042         0.8806987           -0.00110
  32        8.786        0.8860        0.0051         0.8809547            0.00099
  31       11.80         0.8877        0.0059         0.8818363            0.00247
  30       15.07         0.8896        0.0065         0.8830472            0.00313
  29       18.79         0.8916        0.0070         0.8845559            0.00342
  28       23.16         0.8938        0.0075         0.8863338            0.00344
  27       28.12         0.8962        0.0079         0.8882679            0.00329
  26       33.73         0.8984        0.0082         0.8901864            0.00288
  25       40.54         0.9007        0.0085         0.8921665            0.00246
  24       48.69         0.9030        0.0088         0.8942080            0.00211
  23       57.69         0.9050        0.0090         0.8960894            0.00176
  22       68.43         0.9070        0.0091         0.8979126            0.00143
  21       81.20         0.9087        0.0092         0.8994639            0.00103
  20       96.49         0.9100        0.0093         0.9007101            0.00069
  19      114.6          0.9137        0.0098         0.9038559            0.00147
  18      136.5          0.9187        0.0101         0.9086037            0.00183
  17      162.9          0.9259        0.0105         0.9154431            0.00219
  16      196.4          0.9377        0.0112         0.9264936            0.00278
  15      218.7          0.9467        0.0124         0.9343616            0.00299
  14      243.0          0.9577        0.0145         0.9432018            0.00307
  13      269.0          0.9710        0.0179         0.9530863            0.00321
  12      297.5          0.9870        0.0229         0.9641139            0.00327
  11      328.5          1.0063        0.0300         0.9762981            0.00331
  10      361.9          1.0292        0.0397         0.9895120            0.00334
   9      398.1          1.0562        0.0528         1.0034225            0.00324
   8      437.6          1.0880        0.0705         1.0174822            0.00301
   7      480.5          1.1246        0.0940         1.0306571            0.00259
   6      533.0          1.1732        0.1296         1.0436013            0.00208
   5      589.8          1.2303        0.1770         1.0533549            0.00145
   4      651.6          1.2981        0.2422         1.0558782            0.00035
   3      718.7          1.3763        0.3318         1.0445740           -0.00142
   2      792.3          1.4616        0.4555         1.0060241           -0.00442
   1      891.5          1.5666        0.6603         0.9063583           -0.00848
   0     1013.0          1.6510        0.9578         0.6931324           -0.01481

 Wavenumbers: 2250.0 - 2380.0 cm-1, ATM      1
 LEVEL    PRESSURE   UPWARD FLUX   DOWNWARD FLUX    NET FLUX       HEATING RATE
             mb          W/m2          W/m2           W/m2          degree/day
  51         .06700      0.0773        0.0000         0.0772800            0.00000
  50         .07753      0.0776        0.0008         0.0767879           -0.39447
  49         .09103      0.0780        0.0012         0.0767455           -0.02647
  48        0.1069       0.0785        0.0017         0.0767833            0.02011
  47        0.1255       0.0792        0.0023         0.0768177            0.01558
  46        0.1487       0.0799        0.0032         0.0767751           -0.01552
  45        0.1794       0.0810        0.0042         0.0767640           -0.00304
  44        0.2165       0.0822        0.0055         0.0767502           -0.00314
  43        0.2613       0.0838        0.0071         0.0766509           -0.01872
  42        0.3336       0.0857        0.0093         0.0763703           -0.03272
  41        0.4307       0.0879        0.0120         0.0759066           -0.04032
  40        0.5894       0.0902        0.0157         0.0745667           -0.07125
  39        1.339        0.0877        0.0252         0.0625258           -0.13556
  38        1.782        0.0806        0.0265         0.0541028           -0.16036
  37        2.292        0.0740        0.0286         0.0454441           -0.14341
  36        2.964        0.0675        0.0319         0.0355473           -0.12423
  35        3.853        0.0609        0.0365         0.0244060           -0.10573
  34        5.035        0.0542        0.0418         0.0124180           -0.08564
  33        6.613        0.0475        0.0469         0.0005841           -0.06326
  32        8.786        0.0410        0.0502        -0.0092320           -0.03812
  31       11.80         0.0347        0.0493        -0.0146510           -0.01517
  30       15.07         0.0300        0.0443        -0.0143012            0.00090
  29       18.79         0.0265        0.0369        -0.0104528            0.00873
  28       23.16         0.0240        0.0299        -0.0059356            0.00873
  27       28.12         0.0219        0.0250        -0.0031393            0.00475
  26       33.73         0.0202        0.0219        -0.0016813            0.00219
  25       40.54         0.0186        0.0196        -0.0010494            0.00078
  24       48.69         0.0169        0.0176        -0.0006963            0.00037
  23       57.69         0.0155        0.0160        -0.0004732            0.00021
  22       68.43         0.0141        0.0145        -0.0003175            0.00012
  21       81.20         0.0130        0.0132        -0.0001943            0.00008
  20       96.49         0.0121        0.0122        -0.0000617            0.00007
  19      114.6          0.0121        0.0121         0.0000000            0.00003
  18      136.5          0.0121        0.0121         0.0000005            0.00000
  17      162.9          0.0122        0.0121         0.0000402            0.00001
  16      196.4          0.0162        0.0159         0.0002678            0.00006
  15      218.7          0.0219        0.0216         0.0003306            0.00002
  14      243.0          0.0294        0.0291         0.0003616            0.00001
  13      269.0          0.0390        0.0386         0.0003928            0.00001
  12      297.5          0.0510        0.0506         0.0004182            0.00001
  11      328.5          0.0660        0.0656         0.0004518            0.00001
  10      361.9          0.0850        0.0845         0.0004850            0.00001
   9      398.1          0.1083        0.1078         0.0005155            0.00001
   8      437.6          0.1369        0.1364         0.0005451            0.00001
   7      480.5          0.1717        0.1712         0.0005559            0.00000
   6      533.0          0.2167        0.2162         0.0005537            0.00000
   5      589.8          0.2706        0.2701         0.0005762            0.00000
   4      651.6          0.3353        0.3347         0.0005964            0.00000
   3      718.7          0.4125        0.4119         0.0006151            0.00000
   2      792.3          0.5039        0.5034         0.0005672           -0.00001
   1      891.5          0.6079        0.6074         0.0004739           -0.00001
   0     1013.0          0.7373        0.7370         0.0002404           -0.00002

 Wavenumbers: 2380.0 - 2600.0 cm-1, ATM      1
 LEVEL    PRESSURE   UPWARD FLUX   DOWNWARD FLUX    NET FLUX       HEATING RATE
             mb          W/m2          W/m2           W/m2          degree/day
  51         .06700      0.4961        0.0000         0.4960530            0.00000
  50         .07753      0.4961        0.0000         0.4960530            0.00000
  49         .09103      0.4961        0.0000         0.4960530            0.00000
  48        0.1069       0.4961        0.0000         0.4960530            0.00000
  47        0.1255       0.4961        0.0000         0.4960530            0.00000
  46        0.1487       0.4961        0.0000         0.4960530            0.00000
  45        0.1794       0.4961        0.0000         0.4960530            0.00000
  44        0.2165       0.4961        0.0000         0.4960530            0.00000
  43        0.2613       0.4961        0.0000         0.4960530            0.00000
  42        0.3336       0.4961        0.0000         0.4960530            0.00000
  41        0.4307       0.4961        0.0000         0.4960530            0.00000
  40        0.5894       0.4961        0.0000         0.4960530            0.00000
  39        1.339        0.4961        0.0000         0.4960530            0.00000
  38        1.782        0.4961        0.0000         0.4960530            0.00000
  37        2.292        0.4961        0.0000         0.4960530            0.00000
  36        2.964        0.4961        0.0000         0.4960530            0.00000
  35        3.853        0.4961        0.0000         0.4960530            0.00000
  34        5.035        0.4961        0.0000         0.4960530            0.00000
  33        6.613        0.4961        0.0000         0.4960530            0.00000
  32        8.786        0.4961        0.0000         0.4960530            0.00000
  31       11.80         0.4961        0.0000         0.4960530            0.00000
  30       15.07         0.4961        0.0000         0.4960530            0.00000
  29       18.79         0.4961        0.0000         0.4960530            0.00000
  28       23.16         0.4961        0.0000         0.4960530            0.00000
  27       28.12         0.4961        0.0000         0.4960530            0.00000
  26       33.73         0.4961        0.0000         0.4960530            0.00000
  25       40.54         0.4961        0.0000         0.4960530            0.00000
  24       48.69         0.4961        0.0000         0.4960530            0.00000
  23       57.69         0.4961        0.0000         0.4960530            0.00000
  22       68.43         0.4961        0.0000         0.4960530            0.00000
  21       81.20         0.4961        0.0000         0.4960530            0.00000
  20       96.49         0.4961        0.0000         0.4960530            0.00000
  19      114.6          0.4972        0.0006         0.4966497            0.00028
  18      136.5          0.4988        0.0007         0.4981212            0.00057
  17      162.9          0.5012        0.0008         0.5003978            0.00073
  16      196.4          0.5050        0.0009         0.5040684            0.00092
  15      218.7          0.5080        0.0013         0.5066632            0.00099
  14      243.0          0.5115        0.0019         0.5096470            0.00103
  13      269.0          0.5157        0.0026         0.5130812            0.00111
  12      297.5          0.5207        0.0037         0.5169994            0.00116
  11      328.5          0.5265        0.0051         0.5214304            0.00120
  10      361.9          0.5333        0.0070         0.5263465            0.00124
   9      398.1          0.5412        0.0095         0.5316877            0.00124
   8      437.6          0.5502        0.0129         0.5373431            0.00121
   7      480.5          0.5604        0.0173         0.5430953            0.00113
   6      533.0          0.5734        0.0240         0.5494577            0.00102
   5      589.8          0.5879        0.0329         0.5550614            0.00083
   4      651.6          0.6038        0.0449         0.5589316            0.00053
   3      718.7          0.6206        0.0610         0.5596522            0.00009
   2      792.3          0.6378        0.0827         0.5550719           -0.00053
   1      891.5          0.6560        0.1173         0.5387182           -0.00139
   0     1013.0          0.6714        0.1701         0.5013213           -0.00260

 Wavenumbers: 2600.0 - 3250.0 cm-1, ATM      1
 LEVEL    PRESSURE   UPWARD FLUX   DOWNWARD FLUX    NET FLUX       HEATING RATE
             mb          W/m2          W/m2           W/m2          degree/day
  51         .06700      0.3423        0.0000         0.3422663            0.00000
  50         .07753      0.3423        0.0000         0.3422663            0.00001
  49         .09103      0.3423        0.0000         0.3422663            0.00001
  48        0.1069       0.3423        0.0000         0.3422663            0.00000
  47        0.1255       0.3423        0.0000         0.3422663            0.00000
  46        0.1487       0.3423        0.0000         0.3422663           -0.00001
  45        0.1794       0.3423        0.0000         0.3422662           -0.00002
  44        0.2165       0.3423        0.0000         0.3422661           -0.00003
  43        0.2613       0.3423        0.0000         0.3422659           -0.00005
  42        0.3336       0.3423        0.0000         0.3422653           -0.00007
  41        0.4307       0.3423        0.0000         0.3422641           -0.00010
  40        0.5894       0.3423        0.0000         0.3422614           -0.00014
  39        1.339        0.3423        0.0000         0.3422385           -0.00026
  38        1.782        0.3422        0.0000         0.3422230           -0.00030
  37        2.292        0.3422        0.0000         0.3422077           -0.00025
  36        2.964        0.3422        0.0000         0.3421913           -0.00021
  35        3.853        0.3422        0.0001         0.3421744           -0.00016
  34        5.035        0.3422        0.0001         0.3421578           -0.00012
  33        6.613        0.3422        0.0001         0.3421428           -0.00008
  32        8.786        0.3422        0.0001         0.3421310           -0.00005
  31       11.80         0.3422        0.0001         0.3421246           -0.00002
  30       15.07         0.3422        0.0001         0.3421259            0.00000
  29       18.79         0.3423        0.0001         0.3421347            0.00002
  28       23.16         0.3423        0.0001         0.3421514            0.00003
  27       28.12         0.3423        0.0002         0.3421760            0.00004
  26       33.73         0.3424        0.0002         0.3422109            0.00005
  25       40.54         0.3424        0.0002         0.3422635            0.00007
  24       48.69         0.3425        0.0002         0.3423410            0.00008
  23       57.69         0.3427        0.0002         0.3424414            0.00009
  22       68.43         0.3428        0.0002         0.3425776            0.00011
  21       81.20         0.3430        0.0003         0.3427593            0.00012
  20       96.49         0.3433        0.0003         0.3429978            0.00013
  19      114.6          0.3436        0.0003         0.3433097            0.00015
  18      136.5          0.3441        0.0004         0.3437117            0.00015
  17      162.9          0.3446        0.0004         0.3442398            0.00017
  16      196.4          0.3455        0.0005         0.3450053            0.00019
  15      218.7          0.3461        0.0005         0.3455399            0.00020
  14      243.0          0.3468        0.0006         0.3461808            0.00022
  13      269.0          0.3478        0.0008         0.3469923            0.00026
  12      297.5          0.3492        0.0012         0.3480166            0.00030
  11      328.5          0.3509        0.0017         0.3492118            0.00032
  10      361.9          0.3532        0.0026         0.3505346            0.00033
   9      398.1          0.3561        0.0041         0.3519136            0.00032
   8      437.6          0.3598        0.0065         0.3532255            0.00028
   7      480.5          0.3644        0.0102         0.3542133            0.00019
   6      533.0          0.3710        0.0163         0.3547274            0.00008
   5      589.8          0.3795        0.0249         0.3545316           -0.00003
   4      651.6          0.3910        0.0372         0.3538040           -0.00010
   3      718.7          0.4064        0.0535         0.3528988           -0.00011
   2      792.3          0.4253        0.0769         0.3484465           -0.00051
   1      891.5          0.4499        0.1158         0.3340975           -0.00122
   0     1013.0          0.4758        0.1813         0.2944491           -0.00275

  Modules and versions used in this calculation:

       rrtmg_lw.1col.f90:  $Revision: 1.10 $             rrtmg_lw_init.f90:  $Revision: 1.6 $  
     rrtmglw_cldprop.f90:  $Revision: 1.9 $            rrtmglw_cldprmc.f90:  NOT USED          
       rrtmg_lw_rtrn.f90:  NOT USED                    rrtmg_lw_rtrnmr.f90:  $Revision: 1.7 $  
     rrtmg_lw_rtrnmc.f90:  NOT USED                    rrtmglw_setcoef.f90:  $Revision: 1.6 $  
     rrtmg_lw_taumol.f90:  $Revision: 1.8 $                       rrtatm.f:  NOT USED          
              util_xxx.f:  NOT USED                                extra.f:  NOT USED          
        rrtmg_lw_k_g.f90:  $Revision: 1.4 $  
