 Wavenumbers:   10.0 - 3250.0 cm-1, ATM      1
 LEVEL    PRESSURE   UPWARD FLUX   DOWNWARD FLUX    NET FLUX       HEATING RATE
             mb          W/m2          W/m2           W/m2          degree/day
  60         .000400   230.6043        0.0000       230.6042932            0.00000
  59         .06920    230.6472        0.0982       230.5489555           -6.78784
  58         .09590    230.6596        0.1336       230.5259782           -7.26249
  57        0.1353     230.6747        0.1832       230.4914993           -7.38508
  56        0.1908     230.6911        0.2484       230.4427344           -7.41504
  55        0.2701     230.7069        0.3392       230.3676272           -7.99295
  54        0.3824     230.7130        0.4649       230.2481223           -8.98058
  53        0.5428     230.6963        0.6374       230.0588619           -9.95758
  52        0.7717     230.6370        0.8727       229.7642986          -10.86004
  51        1.095      230.5008        1.1653       229.3354492          -11.18740
  50        1.558      230.3116        1.4732       228.8384733           -9.07214
  49        2.226      230.0935        1.7970       228.2964511           -6.84044
  48        3.186      229.8544        2.1195       227.7348845           -4.93661
  47        4.573      229.6088        2.4356       227.1731676           -3.41898
  46        6.560      229.3917        2.8021       226.5896622           -2.47825
  45        9.467      229.2779        3.3315       225.9464373           -1.86725
  44       13.65       229.2528        4.1054       225.1473969           -1.61090
  43       19.56       229.3361        5.1640       224.1720977           -1.39255
  42       27.95       229.5419        6.6460       222.8958872           -1.28353
  41       39.56       229.8861        8.5591       221.3270518           -1.14096
  40       55.97       230.4431       10.8558       219.5873331           -0.89437
  39       77.74       231.2352       13.3715       217.8636949           -0.66817
  38       99.38       231.9788       15.5133       216.4655541           -0.54544
  37      120.7        232.7207       17.4334       215.2873363           -0.46632
  36      141.5        233.4626       19.1790       214.2835207           -0.40775
  35      162.8        234.2730       20.8892       213.3837945           -0.35617
  34      184.3        235.1152       22.5917       212.5235723           -0.33801
  33      206.3        235.9924       24.4154       211.5770621           -0.36272
  32      228.8        236.9485       26.5297       210.4187503           -0.43430
  31      251.9        238.1941       29.3884       208.8057806           -0.58927
  30      275.3        240.2048       33.4893       206.7155208           -0.75462
  29      298.8        242.3525       38.5034       203.8490929           -1.02710
  28      322.5        244.5872       44.1188       200.4683659           -1.20336
  27      346.4        246.8570       50.0548       196.8021877           -1.29818
  26      370.2        249.2285       56.4433       192.7851813           -1.42186
  25      394.2        251.6817       63.1696       188.5120896           -1.50625
  24      418.0        254.2619       70.2289       184.0330279           -1.58641
  23      441.8        256.9542       77.6031       179.3511058           -1.65959
  22      465.7        259.7670       85.2741       174.4928996           -1.71408
  21      490.0        262.7386       93.0461       169.6925321           -1.66856
  20      514.3        265.7306      100.5956       165.1349963           -1.57882
  19      538.8        268.7804      108.0901       160.6903540           -1.53286
  18      563.4        271.9006      115.6227       156.2778978           -1.51267
  17      588.1        275.0037      123.0723       151.9313263           -1.48538
  16      612.9        278.0978      130.5424       147.5554284           -1.49159
  15      637.7        281.2196      138.2159       143.0037401           -1.55020
  14      662.5        284.2885      145.9880       138.3005034           -1.59743
  13      687.4        287.1764      153.8260       133.3504209           -1.67695
  12      712.2        289.3859      161.1182       128.2677924           -1.73172
  11      736.9        291.4172      167.6536       123.7635736           -1.53583
  10      761.7        293.4319      173.8135       119.6184040           -1.41067
   9      786.6        295.4148      179.6670       115.7477881           -1.31463
   8      812.0        297.4410      185.4170       112.0239820           -1.23719
   7      837.5        299.4376      190.8917       108.5459017           -1.14935
   6      863.1        301.3885      196.1123       105.2762906           -1.07788
   5      888.8        303.2813      201.1018       102.1795290           -1.01843
   4      914.5        305.1394      205.9462        99.1931917           -0.97964
   3      940.3        306.9302      210.6485        96.2817334           -0.95278
   2      966.1        308.6127      215.2154        93.3973516           -0.94187
   1      992.1        310.1392      219.6504        90.4887894           -0.94753
   0     1018.0        311.2908      223.9858        87.3049551           -1.03541

  Modules and versions used in this calculation:

       rrtmg_lw.1col.f90:  $Revision: 1.10 $             rrtmg_lw_init.f90:  $Revision: 1.6 $  
     rrtmglw_cldprop.f90:  $Revision: 1.9 $            rrtmglw_cldprmc.f90:  NOT USED          
       rrtmg_lw_rtrn.f90:  NOT USED                    rrtmg_lw_rtrnmr.f90:  $Revision: 1.7 $  
     rrtmg_lw_rtrnmc.f90:  NOT USED                    rrtmglw_setcoef.f90:  $Revision: 1.6 $  
     rrtmg_lw_taumol.f90:  $Revision: 1.8 $                       rrtatm.f:  NOT USED          
              util_xxx.f:  NOT USED                                extra.f:  NOT USED          
        rrtmg_lw_k_g.f90:  $Revision: 1.4 $  
