 Wavenumbers:   10.0 - 3250.0 cm-1, ATM      1
 LEVEL    PRESSURE   UPWARD FLUX   DOWNWARD FLUX    NET FLUX       HEATING RATE
             mb          W/m2          W/m2           W/m2          degree/day
  51         .06700    274.5744        0.0000       274.5743832            0.00000
  50         .07753    274.5832        0.0373       274.5458851          -22.84158
  49         .09103    274.5940        0.0572       274.5368603           -5.64078
  48        0.1069     274.6060        0.0799       274.5261533           -5.69939
  47        0.1255     274.6191        0.1062       274.5128799           -6.01752
  46        0.1487     274.6339        0.1394       274.4945058           -6.69753
  45        0.1794     274.6520        0.1829       274.4690560           -6.98659
  44        0.2165     274.6713        0.2336       274.4377559           -7.12023
  43        0.2613     274.6908        0.2934       274.3973657           -7.61338
  42        0.3336     274.7143        0.3896       274.3246672           -8.47593
  41        0.4307     274.7356        0.5140       274.2215773           -8.96344
  40        0.5894     274.7433        0.7165       274.0267532          -10.36050
  39        1.339      274.5699        1.6011       272.9688415          -11.91016
  38        1.782      274.3882        2.0122       272.3759496          -11.28771
  37        2.292      274.1979        2.3938       271.8040408           -9.47230
  36        2.964      273.9802        2.7952       271.1849850           -7.77102
  35        3.853      273.7316        3.2248       270.5068174           -6.43593
  34        5.035      273.4547        3.7099       269.7447574           -5.44384
  33        6.613      273.1550        4.2915       268.8634364           -4.71154
  32        8.786      272.8453        4.9863       267.8589804           -3.90094
  31       11.80       272.5408        5.8304       266.7103761           -3.21573
  30       15.07       272.3173        6.5939       265.7233854           -2.54822
  29       18.79       272.1682        7.3401       264.8281182           -2.02985
  28       23.16       272.1065        8.1511       263.9554236           -1.68751
  27       28.12       272.0952        9.0191       263.0760882           -1.49481
  26       33.73       272.1327        9.9071       262.2256536           -1.27865
  25       40.54       272.2098       10.8765       261.3333199           -1.10704
  24       48.69       272.3467       11.8885       260.4581587           -0.90565
  23       57.69       272.5409       12.8395       259.7013266           -0.70942
  22       68.43       272.8187       13.7840       259.0347258           -0.52404
  21       81.20       273.1803       14.7195       258.4607350           -0.37928
  20       96.49       273.6560       15.6607       257.9952790           -0.25690
  19      114.6        274.4109       16.8018       257.6091897           -0.18028
  18      136.5        275.3921       18.1439       257.2482304           -0.13880
  17      162.9        276.8269       19.9266       256.9002505           -0.11123
  16      196.4        279.7614       23.6944       256.0669114           -0.20976
  15      218.7        282.1707       28.7747       253.3959548           -1.01406
  14      243.0        285.0842       36.5680       248.5162250           -1.69245
  13      269.0        288.6171       46.9738       241.6432177           -2.22957
  12      297.5        292.8947       58.9023       233.9924982           -2.26912
  11      328.5        298.0292       71.2835       226.7457064           -1.97038
  10      361.9        304.1249       84.7954       219.3294954           -1.87637
   9      398.1        311.3269      100.0045       211.3224677           -1.86546
   8      437.6        319.2090      116.6222       202.5867521           -1.86775
   7      480.5        328.4403      135.7131       192.7272145           -1.93638
   6      533.0        339.1565      158.5778       180.5787120           -1.95431
   5      589.8        350.6681      183.5386       167.1295575           -1.99630
   4      651.6        363.4190      211.5533       151.8656615           -2.08738
   3      718.7        376.9524      240.0799       136.8725427           -1.88422
   2      792.3        391.4900      270.5479       120.9421101           -1.82704
   1      891.5        407.6834      307.8264        99.8569407           -1.79425
   0     1013.0        424.7960      354.4997        70.2963478           -2.05254

 Wavenumbers:   10.0 -  350.0 cm-1, ATM      1
 LEVEL    PRESSURE   UPWARD FLUX   DOWNWARD FLUX    NET FLUX       HEATING RATE
             mb          W/m2          W/m2           W/m2          degree/day
  51         .06700     35.5120        0.0000        35.5119584            0.00000
  50         .07753     35.5124        0.0038        35.5086105           -2.68338
  49         .09103     35.5129        0.0061        35.5067868           -1.13985
  48        0.1069      35.5134        0.0085        35.5048783           -1.01592
  47        0.1255      35.5139        0.0112        35.5027077           -0.98405
  46        0.1487      35.5145        0.0144        35.5000680           -0.96221
  45        0.1794      35.5152        0.0183        35.4969074           -0.86764
  44        0.2165      35.5159        0.0221        35.4938054           -0.70567
  43        0.2613      35.5166        0.0258        35.4907882           -0.56873
  42        0.3336      35.5174        0.0306        35.4868066           -0.46421
  41        0.4307      35.5181        0.0358        35.4822971           -0.39210
  40        0.5894      35.5185        0.0444        35.4740181           -0.44027
  39        1.339       35.5136        0.0955        35.4181436           -0.62904
  38        1.782       35.5079        0.1270        35.3809541           -0.70803
  37        2.292       35.5016        0.1597        35.3419090           -0.64669
  36        2.964       35.4939        0.1947        35.2991464           -0.53680
  35        3.853       35.4845        0.2305        35.2539874           -0.42857
  34        5.035       35.4732        0.2699        35.2032790           -0.36224
  33        6.613       35.4596        0.3219        35.1377261           -0.35045
  32        8.786       35.4433        0.3979        35.0453657           -0.35869
  31       11.80        35.4238        0.5109        34.9129108           -0.37083
  30       15.07        35.4060        0.6276        34.7784478           -0.34716
  29       18.79        35.3897        0.7523        34.6374121           -0.31977
  28       23.16        35.3752        0.8968        34.4784176           -0.30744
  27       28.12        35.3608        1.0638        34.2969958           -0.30840
  26       33.73        35.3473        1.2481        34.0992523           -0.29731
  25       40.54        35.3333        1.4615        33.8717935           -0.28219
  24       48.69        35.3196        1.6950        33.6246048           -0.25580
  23       57.69        35.3085        1.9267        33.3817153           -0.22767
  22       68.43        35.3003        2.1756        33.1247193           -0.20203
  21       81.20        35.2987        2.4484        32.8502695           -0.18135
  20       96.49        35.3088        2.7614        32.5473612           -0.16718
  19      114.6         35.3344        3.1589        32.1755226           -0.17362
  18      136.5         35.3737        3.6902        31.6835211           -0.18919
  17      162.9         35.4553        4.5783        30.8769951           -0.25780
  16      196.4         35.7462        6.5995        29.1466286           -0.43555
  15      218.7         36.0983        9.3903        26.7079652           -0.92587
  14      243.0         36.6244       13.7864        22.8380210           -1.34223
  13      269.0         37.3469       19.5865        17.7604317           -1.64715
  12      297.5         38.2602       25.3743        12.8858346           -1.44575
  11      328.5         39.2871       30.1672         9.1198653           -1.02396
  10      361.9         40.4119       34.3572         6.0546740           -0.77552
   9      398.1         41.6089       38.0292         3.5797382           -0.57660
   8      437.6         42.8719       41.0597         1.8121715           -0.37792
   7      480.5         44.1710       43.3785         0.7925036           -0.20026
   6      533.0         45.6076       45.2823         0.3252915           -0.07516
   5      589.8         47.0626       46.8915         0.1710559           -0.02289
   4      651.6         48.5495       48.4547         0.0947804           -0.01043
   3      718.7         50.0560       50.0017         0.0543331           -0.00508
   2      792.3         51.5742       51.5458         0.0284187           -0.00297
   1      891.5         53.0588       53.0461         0.0127093           -0.00134
   0     1013.0         54.6470       54.6426         0.0044458           -0.00057

 Wavenumbers:  350.0 -  500.0 cm-1, ATM      1
 LEVEL    PRESSURE   UPWARD FLUX   DOWNWARD FLUX    NET FLUX       HEATING RATE
             mb          W/m2          W/m2           W/m2          degree/day
  51         .06700     42.6214        0.0000        42.6214395            0.00000
  50         .07753     42.6215        0.0002        42.6213825           -0.04573
  49         .09103     42.6217        0.0004        42.6212777           -0.06551
  48        0.1069      42.6218        0.0007        42.6211093           -0.08960
  47        0.1255      42.6220        0.0011        42.6208510           -0.11713
  46        0.1487      42.6222        0.0017        42.6204279           -0.15421
  45        0.1794      42.6224        0.0027        42.6197180           -0.19489
  44        0.2165      42.6227        0.0040        42.6187069           -0.23000
  43        0.2613      42.6230        0.0057        42.6173013           -0.26496
  42        0.3336      42.6233        0.0087        42.6146624           -0.30766
  41        0.4307      42.6237        0.0127        42.6109764           -0.32049
  40        0.5894      42.6238        0.0189        42.6049746           -0.31917
  39        1.339       42.6213        0.0357        42.5856519           -0.21754
  38        1.782       42.6188        0.0399        42.5789891           -0.12685
  37        2.292       42.6164        0.0430        42.5733771           -0.09295
  36        2.964       42.6137        0.0466        42.5671181           -0.07857
  35        3.853       42.6107        0.0513        42.5594002           -0.07325
  34        5.035       42.6074        0.0579        42.5495191           -0.07059
  33        6.613       42.6036        0.0668        42.5368005           -0.06799
  32        8.786       42.5995        0.0787        42.5207222           -0.06244
  31       11.80        42.5948        0.0948        42.5000362           -0.05791
  30       15.07        42.5908        0.1103        42.4804635           -0.05053
  29       18.79        42.5872        0.1256        42.4616128           -0.04274
  28       23.16        42.5841        0.1415        42.4425629           -0.03684
  27       28.12        42.5809        0.1580        42.4229723           -0.03330
  26       33.73        42.5779        0.1746        42.4033618           -0.02948
  25       40.54        42.5747        0.1930        42.3817237           -0.02684
  24       48.69        42.5713        0.2132        42.3581745           -0.02437
  23       57.69        42.5682        0.2342        42.3340037           -0.02266
  22       68.43        42.5649        0.2583        42.3066523           -0.02150
  21       81.20        42.5614        0.2868        42.2745704           -0.02120
  20       96.49        42.5551        0.3217        42.2333771           -0.02274
  19      114.6         42.5609        0.3558        42.2051567           -0.01318
  18      136.5         42.5696        0.4078        42.1618611           -0.01665
  17      162.9         42.5876        0.5015        42.0861147           -0.02421
  16      196.4         42.6471        0.7544        41.8926980           -0.04869
  15      218.7         42.7346        1.2557        41.4788574           -0.15712
  14      243.0         42.8959        2.2552        40.6406998           -0.29070
  13      269.0         43.1672        3.7481        39.4190900           -0.39628
  12      297.5         43.5846        5.9460        37.6385877           -0.52808
  11      328.5         44.1319        8.6197        35.5121268           -0.57818
  10      361.9         44.8252       11.7938        33.0313201           -0.62767
   9      398.1         45.6674       15.6035        30.0639223           -0.69134
   8      437.6         46.6597       20.1466        26.5131661           -0.75917
   7      480.5         47.7963       25.4580        22.3382501           -0.81994
   6      533.0         49.1989       32.0415        17.1573708           -0.83344
   5      589.8         50.7548       38.9382        11.8166198           -0.79274
   4      651.6         52.5341       45.8409         6.6931936           -0.70064
   3      718.7         54.4783       51.4554         3.0228822           -0.46126
   2      792.3         56.5251       55.4929         1.0321791           -0.22831
   1      891.5         58.6813       58.3788         0.3024575           -0.06210
   0     1013.0         61.0163       60.9178         0.0985035           -0.01416

 Wavenumbers:  500.0 -  630.0 cm-1, ATM      1
 LEVEL    PRESSURE   UPWARD FLUX   DOWNWARD FLUX    NET FLUX       HEATING RATE
             mb          W/m2          W/m2           W/m2          degree/day
  51         .06700     39.7094        0.0000        39.7094418            0.00000
  50         .07753     39.7100        0.0011        39.7088718           -0.45684
  49         .09103     39.7106        0.0026        39.7080444           -0.51716
  48        0.1069      39.7114        0.0044        39.7069626           -0.57584
  47        0.1255      39.7122        0.0066        39.7055702           -0.63124
  46        0.1487      39.7131        0.0095        39.7036330           -0.70613
  45        0.1794      39.7142        0.0133        39.7009171           -0.74558
  44        0.2165      39.7154        0.0178        39.6976523           -0.74269
  43        0.2613      39.7166        0.0229        39.6936675           -0.75112
  42        0.3336      39.7179        0.0309        39.6870285           -0.77404
  41        0.4307      39.7191        0.0407        39.6783738           -0.75251
  40        0.5894      39.7192        0.0559        39.6633054           -0.80132
  39        1.339       39.7069        0.1155        39.5913941           -0.80959
  38        1.782       39.6959        0.1394        39.5564221           -0.66581
  37        2.292       39.6848        0.1602        39.5246246           -0.52665
  36        2.964       39.6725        0.1822        39.4903164           -0.43067
  35        3.853       39.6589        0.2075        39.4513602           -0.36970
  34        5.035       39.6437        0.2375        39.4062029           -0.32259
  33        6.613       39.6271        0.2731        39.3539225           -0.27949
  32        8.786       39.6091        0.3150        39.2940451           -0.23254
  31       11.80        39.5898        0.3668        39.2229257           -0.19911
  30       15.07        39.5740        0.4163        39.1576462           -0.16854
  29       18.79        39.5612        0.4669        39.0943229           -0.14357
  28       23.16        39.5517        0.5231        39.0285859           -0.12711
  27       28.12        39.5438        0.5855        38.9582868           -0.11950
  26       33.73        39.5381        0.6531        38.8849797           -0.11022
  25       40.54        39.5343        0.7331        38.8012232           -0.10391
  24       48.69        39.5338        0.8259        38.7079291           -0.09654
  23       57.69        39.5384        0.9246        38.6138012           -0.08823
  22       68.43        39.5509        1.0378        38.5130991           -0.07917
  21       81.20        39.5764        1.1670        38.4094155           -0.06851
  20       96.49        39.6242        1.3129        38.3113506           -0.05412
  19      114.6         39.7014        1.4953        38.2060752           -0.04916
  18      136.5         39.8108        1.7049        38.1059752           -0.03849
  17      162.9         39.9769        1.9475        38.0293884           -0.02448
  16      196.4         40.2860        2.3013        37.9847230           -0.01124
  15      218.7         40.5273        2.6522        37.8751411           -0.04160
  14      243.0         40.8223        3.1664        37.6559041           -0.07604
  13      269.0         41.1865        3.9012        37.2853472           -0.12021
  12      297.5         41.6545        4.9277        36.7268414           -0.16565
  11      328.5         42.2118        6.2849        35.9269510           -0.21749
  10      361.9         42.8819        8.0583        34.8235977           -0.27916
   9      398.1         43.6752       10.3377        33.3374783           -0.34623
   8      437.6         44.5772       13.1524        31.4247689           -0.40895
   7      480.5         45.6175       16.6978        28.9197688           -0.49197
   6      533.0         46.9056       21.4477        25.4579706           -0.55689
   5      589.8         48.3522       27.1056        21.2465749           -0.62511
   4      651.6         50.0440       33.9947        16.0493363           -0.71074
   3      718.7         51.9343       41.3786        10.5557000           -0.69040
   2      792.3         53.9548       48.4860         5.4688053           -0.58341
   1      891.5         56.2720       54.5765         1.6954853           -0.32109
   0     1013.0         58.7644       58.3536         0.4107706           -0.08920

 Wavenumbers:  630.0 -  700.0 cm-1, ATM      1
 LEVEL    PRESSURE   UPWARD FLUX   DOWNWARD FLUX    NET FLUX       HEATING RATE
             mb          W/m2          W/m2           W/m2          degree/day
  51         .06700     12.0419        0.0000        12.0418727            0.00000
  50         .07753     12.0480        0.0298        12.0181916          -18.98073
  49         .09103     12.0554        0.0430        12.0123854           -3.62905
  48        0.1069      12.0635        0.0581        12.0054122           -3.71189
  47        0.1255      12.0722        0.0752        11.9969447           -3.83876
  46        0.1487      12.0818        0.0963        11.9854792           -4.17927
  45        0.1794      12.0934        0.1235        11.9698622           -4.28725
  44        0.2165      12.1056        0.1548        11.9508099           -4.33406
  43        0.2613      12.1178        0.1915        11.9262781           -4.62415
  42        0.3336      12.1325        0.2501        11.8824231           -5.11306
  41        0.4307      12.1461        0.3250        11.8211293           -5.32936
  40        0.5894      12.1519        0.4445        11.7073575           -6.05024
  39        1.339       12.0683        0.9445        11.1237101           -6.57081
  38        1.782       11.9735        1.1701        10.8034434           -6.09736
  37        2.292       11.8740        1.3762        10.4977851           -5.06250
  36        2.964       11.7601        1.5848        10.1753149           -4.04797
  35        3.853       11.6291        1.7947         9.8344249           -3.23511
  34        5.035       11.4793        2.0249         9.4544112           -2.71466
  33        6.613       11.3089        2.3123         8.9965346           -2.44781
  32        8.786       11.1172        2.6739         8.4433167           -2.14850
  31       11.80        10.9032        3.1238         7.7794445           -1.85863
  30       15.07        10.7172        3.5310         7.1861549           -1.53176
  29       18.79        10.5527        3.9284         6.6243205           -1.27385
  28       23.16        10.4173        4.3594         6.0578193           -1.09543
  27       28.12        10.2865        4.8106         5.4758567           -0.98930
  26       33.73        10.1652        5.2630         4.9022040           -0.86250
  25       40.54        10.0340        5.7459         4.2880638           -0.76191
  24       48.69         9.8938        6.2328         3.6610692           -0.64884
  23       57.69         9.7582        6.6671         3.0910796           -0.53428
  22       68.43         9.6201        7.0625         2.5576026           -0.41938
  21       81.20         9.5064        7.4119         2.0944592           -0.30604
  20       96.49         9.4465        7.7074         1.7391252           -0.19612
  19      114.6          9.4858        8.0323         1.4535333           -0.13335
  18      136.5          9.5608        8.3450         1.2158943           -0.09138
  17      162.9          9.7627        8.6177         1.1449837           -0.02267
  16      196.4         10.7305        9.2962         1.4342813            0.07282
  15      218.7         11.5736       10.1744         1.3991655           -0.01333
  14      243.0         12.4794       11.1775         1.3019062           -0.03373
  13      269.0         13.4407       12.2811         1.1596110           -0.04616
  12      297.5         14.4482       13.4443         1.0038902           -0.04619
  11      328.5         15.5073       14.6440         0.8632734           -0.03823
  10      361.9         16.6283       15.8880         0.7402533           -0.03113
   9      398.1         17.7991       17.1658         0.6333495           -0.02491
   8      437.6         19.0174       18.4748         0.5426956           -0.01938
   7      480.5         20.2727       19.8177         0.4549878           -0.01723
   6      533.0         21.6726       21.3033         0.3693077           -0.01378
   5      589.8         23.1113       22.7984         0.3128597           -0.00838
   4      651.6         24.6001       24.3349         0.2651475           -0.00652
   3      718.7         26.1365       25.9127         0.2237875           -0.00520
   2      792.3         27.7013       27.5328         0.1685146           -0.00634
   1      891.5         29.2762       29.1649         0.1113444           -0.00486
   0     1013.0         30.9664       30.9182         0.0482431           -0.00438

 Wavenumbers:  700.0 -  820.0 cm-1, ATM      1
 LEVEL    PRESSURE   UPWARD FLUX   DOWNWARD FLUX    NET FLUX       HEATING RATE
             mb          W/m2          W/m2           W/m2          degree/day
  51         .06700     33.9698        0.0000        33.9698338            0.00000
  50         .07753     33.9706        0.0015        33.9691265           -0.56689
  49         .09103     33.9717        0.0034        33.9683088           -0.51111
  48        0.1069      33.9728        0.0055        33.9673348           -0.51842
  47        0.1255      33.9741        0.0080        33.9660618           -0.57715
  46        0.1487      33.9756        0.0114        33.9641672           -0.69060
  45        0.1794      33.9774        0.0161        33.9613809           -0.76490
  44        0.2165      33.9794        0.0216        33.9578262           -0.80864
  43        0.2613      33.9814        0.0282        33.9531901           -0.87388
  42        0.3336      33.9838        0.0389        33.9448943           -0.96721
  41        0.4307      33.9859        0.0524        33.9334597           -0.99421
  40        0.5894      33.9864        0.0735        33.9128572           -1.09562
  39        1.339       33.9660        0.1503        33.8157034           -1.09377
  38        1.782       33.9464        0.1819        33.7645343           -0.97418
  37        2.292       33.9262        0.2123        33.7138892           -0.83881
  36        2.964       33.9032        0.2488        33.6543887           -0.74691
  35        3.853       33.8770        0.2936        33.5833954           -0.67374
  34        5.035       33.8476        0.3469        33.5007753           -0.59020
  33        6.613       33.8159        0.4083        33.4075555           -0.49835
  32        8.786       33.7833        0.4779        33.3054484           -0.39655
  31       11.80        33.7513        0.5604        33.1908921           -0.32072
  30       15.07        33.7282        0.6348        33.0934498           -0.25158
  29       18.79        33.7127        0.7066        33.0061193           -0.19801
  28       23.16        33.7049        0.7822        32.9227030           -0.16130
  27       28.12        33.7023        0.8622        32.8401179           -0.14039
  26       33.73        33.7049        0.9437        32.7612322           -0.11861
  25       40.54        33.7121        1.0333        32.6787598           -0.10232
  24       48.69        33.7264        1.1296        32.5967776           -0.08484
  23       57.69        33.7479        1.2226        32.5253179           -0.06698
  22       68.43        33.7805        1.3180        32.4624596           -0.04941
  21       81.20        33.8275        1.4137        32.4137928           -0.03216
  20       96.49        33.9009        1.5110        32.3899267           -0.01317
  19      114.6         33.9967        1.6378        32.3589329           -0.01447
  18      136.5         34.1284        1.7843        32.3441169           -0.00570
  17      162.9         34.3274        1.9590        32.3683725            0.00775
  16      196.4         34.7050        2.2340        32.4710456            0.02584
  15      218.7         34.9943        2.5215        32.4728376            0.00068
  14      243.0         35.3265        2.9096        32.4169840           -0.01937
  13      269.0         35.7023        3.3994        32.3029726           -0.03698
  12      297.5         36.1285        4.0067        32.1217782           -0.05374
  11      328.5         36.6419        4.7742        31.8677572           -0.06907
  10      361.9         37.2548        5.7394        31.5153845           -0.08915
   9      398.1         37.9874        6.9559        31.0315598           -0.11272
   8      437.6         38.7700        8.3504        30.4196463           -0.13083
   7      480.5         39.7066       10.1414        29.5652395           -0.16780
   6      533.0         40.7834       12.3543        28.4290714           -0.18277
   5      589.8         41.9244       14.8477        27.0767196           -0.20073
   4      651.6         43.1738       17.7983        25.3755758           -0.23264
   3      718.7         44.4767       21.1610        23.3156905           -0.25887
   2      792.3         45.8377       25.5214        20.3162948           -0.34400
   1      891.5         47.4378       32.2929        15.1448670           -0.44006
   0     1013.0         49.0137       40.9282         8.0855452           -0.49016

 Wavenumbers:  820.0 -  980.0 cm-1, ATM      1
 LEVEL    PRESSURE   UPWARD FLUX   DOWNWARD FLUX    NET FLUX       HEATING RATE
             mb          W/m2          W/m2           W/m2          degree/day
  51         .06700     48.4508        0.0000        48.4507807            0.00000
  50         .07753     48.4508        0.0000        48.4507807            0.00000
  49         .09103     48.4508        0.0000        48.4507807            0.00000
  48        0.1069      48.4508        0.0000        48.4507807            0.00000
  47        0.1255      48.4508        0.0000        48.4507807            0.00000
  46        0.1487      48.4508        0.0000        48.4507807            0.00000
  45        0.1794      48.4508        0.0000        48.4507807            0.00000
  44        0.2165      48.4508        0.0000        48.4507807            0.00000
  43        0.2613      48.4508        0.0000        48.4507807            0.00000
  42        0.3336      48.4508        0.0000        48.4507807            0.00000
  41        0.4307      48.4508        0.0000        48.4507807            0.00000
  40        0.5894      48.4508        0.0000        48.4507807            0.00000
  39        1.339       48.4508        0.0000        48.4507807            0.00000
  38        1.782       48.4508        0.0000        48.4507807            0.00000
  37        2.292       48.4508        0.0000        48.4507807            0.00000
  36        2.964       48.4508        0.0000        48.4507807            0.00000
  35        3.853       48.4508        0.0000        48.4507807            0.00000
  34        5.035       48.4508        0.0000        48.4507807            0.00000
  33        6.613       48.4508        0.0000        48.4507807            0.00000
  32        8.786       48.4508        0.0000        48.4507807            0.00000
  31       11.80        48.4508        0.0000        48.4507807            0.00000
  30       15.07        48.4508        0.0000        48.4507807            0.00000
  29       18.79        48.4508        0.0000        48.4507807            0.00000
  28       23.16        48.4508        0.0000        48.4507807            0.00000
  27       28.12        48.4508        0.0000        48.4507807            0.00000
  26       33.73        48.4508        0.0000        48.4507807            0.00000
  25       40.54        48.4508        0.0000        48.4507807            0.00000
  24       48.69        48.4508        0.0000        48.4507807            0.00000
  23       57.69        48.4508        0.0000        48.4507807            0.00000
  22       68.43        48.4508        0.0000        48.4507807            0.00000
  21       81.20        48.4508        0.0000        48.4507807            0.00000
  20       96.49        48.4508        0.0000        48.4507807            0.00000
  19      114.6         48.4549        0.0012        48.4536750            0.00135
  18      136.5         48.4598        0.0027        48.4571177            0.00132
  17      162.9         48.4656        0.0044        48.4612429            0.00132
  16      196.4         48.4735        0.0068        48.4666675            0.00137
  15      218.7         48.4793        0.0090        48.4703516            0.00140
  14      243.0         48.4866        0.0122        48.4744374            0.00142
  13      269.0         48.4961        0.0173        48.4788291            0.00142
  12      297.5         48.5090        0.0258        48.4832502            0.00131
  11      328.5         48.5977        0.0897        48.5080678            0.00675
  10      361.9         48.7762        0.2406        48.5355283            0.00695
   9      398.1         49.0948        0.5579        48.5369091            0.00032
   8      437.6         49.4010        0.9232        48.4778062           -0.01264
   7      480.5         49.9371        1.6767        48.2604141           -0.04269
   6      533.0         50.4558        2.5640        47.8917790           -0.05930
   5      589.8         50.9613        3.6388        47.3224542           -0.08451
   4      651.6         51.4958        5.0815        46.4142065           -0.12421
   3      718.7         51.9631        6.7478        45.2153500           -0.15066
   2      792.3         52.5490        9.6366        42.9124765           -0.26411
   1      891.5         53.3881       15.8652        37.5229306           -0.45862
   0     1013.0         54.1245       27.3641        26.7604354           -0.74730

 Wavenumbers:  980.0 - 1080.0 cm-1, ATM      1
 LEVEL    PRESSURE   UPWARD FLUX   DOWNWARD FLUX    NET FLUX       HEATING RATE
             mb          W/m2          W/m2           W/m2          degree/day
  51         .06700     17.0475        0.0000        17.0475414            0.00000
  50         .07753     17.0478        0.0001        17.0476783            0.10972
  49         .09103     17.0481        0.0003        17.0478257            0.09217
  48        0.1069      17.0486        0.0006        17.0479439            0.06291
  47        0.1255      17.0491        0.0011        17.0479864            0.01924
  46        0.1487      17.0497        0.0019        17.0478593           -0.04633
  45        0.1794      17.0506        0.0032        17.0473653           -0.13561
  44        0.2165      17.0515        0.0053        17.0462568           -0.25216
  43        0.2613      17.0525        0.0083        17.0441213           -0.40254
  42        0.3336      17.0535        0.0148        17.0387561           -0.62553
  41        0.4307      17.0541        0.0253        17.0287806           -0.86735
  40        0.5894      17.0526        0.0467        17.0058246           -1.22077
  39        1.339       17.0159        0.1897        16.8262703           -2.02145
  38        1.782       16.9831        0.2725        16.7105490           -2.20315
  37        2.292       16.9468        0.3510        16.5957695           -1.90105
  36        2.964       16.9029        0.4347        16.4682316           -1.60099
  35        3.853       16.8517        0.5290        16.3226690           -1.38141
  34        5.035       16.7967        0.6368        16.1598762           -1.16292
  33        6.613       16.7442        0.7532        15.9909881           -0.90288
  32        8.786       16.7048        0.8677        15.8370756           -0.59774
  31       11.80        16.6921        0.9815        15.7106125           -0.35406
  30       15.07        16.7122        1.0712        15.6409607           -0.17983
  29       18.79        16.7674        1.1507        15.6166872           -0.05504
  28       23.16        16.8625        1.2304        15.6321626            0.02992
  27       28.12        16.9933        1.3099        15.6834050            0.08711
  26       33.73        17.1534        1.3812        15.7721953            0.13350
  25       40.54        17.3551        1.4479        15.9071807            0.16746
  24       48.69        17.6118        1.5082        16.1036001            0.20326
  23       57.69        17.9048        1.5564        16.3483787            0.22944
  22       68.43        18.2576        1.5962        16.6614348            0.24610
  21       81.20        18.6314        1.6249        17.0065553            0.22805
  20       96.49        18.9992        1.6445        17.3547133            0.19216
  19      114.6         19.4197        1.6635        17.7562631            0.18750
  18      136.5         19.9193        1.6877        18.2315768            0.18277
  17      162.9         20.5240        1.7163        18.8077768            0.18418
  16      196.4         21.1681        1.7537        19.4144285            0.15270
  15      218.7         21.5077        1.7932        19.7144125            0.11389
  14      243.0         21.8303        1.8480        19.9823210            0.09292
  13      269.0         22.1250        1.9148        20.2101193            0.07390
  12      297.5         22.3861        1.9912        20.3949297            0.05481
  11      328.5         22.6709        2.0991        20.5717937            0.04809
  10      361.9         22.9846        2.2497        20.7349560            0.04128
   9      398.1         23.3536        2.4714        20.8821845            0.03430
   8      437.6         23.7014        2.7235        20.9779292            0.02047
   7      480.5         24.1547        3.1306        21.0240923            0.00907
   6      533.0         24.6024        3.6148        20.9876423           -0.00586
   5      589.8         25.0203        4.1730        20.8473282           -0.02083
   4      651.6         25.4205        4.8507        20.5697996           -0.03795
   3      718.7         25.7360        5.5460        20.1900244           -0.04773
   2      792.3         26.0618        6.5805        19.4813451           -0.08128
   1      891.5         26.4477        8.5776        17.8701443           -0.13711
   0     1013.0         26.7325       12.3442        14.3883287           -0.24176

 Wavenumbers: 1080.0 - 1180.0 cm-1, ATM      1
 LEVEL    PRESSURE   UPWARD FLUX   DOWNWARD FLUX    NET FLUX       HEATING RATE
             mb          W/m2          W/m2           W/m2          degree/day
  51         .06700     18.4124        0.0000        18.4123676            0.00000
  50         .07753     18.4124        0.0000        18.4123686            0.00083
  49         .09103     18.4124        0.0000        18.4123694            0.00049
  48        0.1069      18.4124        0.0000        18.4123692           -0.00007
  47        0.1255      18.4124        0.0000        18.4123673           -0.00088
  46        0.1487      18.4124        0.0000        18.4123614           -0.00216
  45        0.1794      18.4124        0.0000        18.4123471           -0.00391
  44        0.2165      18.4124        0.0001        18.4123200           -0.00617
  43        0.2613      18.4124        0.0001        18.4122714           -0.00916
  42        0.3336      18.4124        0.0002        18.4121529           -0.01381
  41        0.4307      18.4124        0.0004        18.4119324           -0.01918
  40        0.5894      18.4123        0.0008        18.4114153           -0.02750
  39        1.339       18.4111        0.0043        18.4068572           -0.05132
  38        1.782       18.4103        0.0069        18.4033974           -0.06587
  37        2.292       18.4095        0.0102        18.3993206           -0.06752
  36        2.964       18.4088        0.0148        18.3940580           -0.06606
  35        3.853       18.4086        0.0209        18.3876658           -0.06066
  34        5.035       18.4095        0.0287        18.3808319           -0.04882
  33        6.613       18.4124        0.0376        18.3747836           -0.03233
  32        8.786       18.4184        0.0472        18.3711253           -0.01421
  31       11.80        18.4290        0.0576        18.3714149            0.00081
  30       15.07        18.4418        0.0662        18.3756019            0.01081
  29       18.79        18.4570        0.0739        18.3831660            0.01715
  28       23.16        18.4751        0.0812        18.3938553            0.02067
  27       28.12        18.4952        0.0883        18.4068996            0.02217
  26       33.73        18.5157        0.0947        18.4210439            0.02127
  25       40.54        18.5375        0.1008        18.4367767            0.01952
  24       48.69        18.5608        0.1066        18.4541543            0.01798
  23       57.69        18.5830        0.1117        18.4712676            0.01604
  22       68.43        18.6056        0.1165        18.4890534            0.01398
  21       81.20        18.6263        0.1206        18.5056625            0.01098
  20       96.49        18.6449        0.1241        18.5207866            0.00835
  19      114.6         18.6688        0.1284        18.5403920            0.00915
  18      136.5         18.6940        0.1328        18.5611835            0.00799
  17      162.9         18.7213        0.1376        18.5836671            0.00719
  16      196.4         18.7504        0.1430        18.6073810            0.00597
  15      218.7         18.7671        0.1468        18.6203166            0.00491
  14      243.0         18.7846        0.1516        18.6329750            0.00439
  13      269.0         18.8032        0.1579        18.6453084            0.00400
  12      297.5         18.8242        0.1670        18.6571860            0.00352
  11      328.5         18.8797        0.1955        18.6841988            0.00734
  10      361.9         18.9769        0.2554        18.7214950            0.00944
   9      398.1         19.1396        0.3749        18.7646645            0.01006
   8      437.6         19.3004        0.5208        18.7795509            0.00318
   7      480.5         19.5703        0.8089        18.7613555           -0.00357
   6      533.0         19.8408        1.1689        18.6719185           -0.01439
   5      589.8         20.1097        1.6194        18.4902913           -0.02696
   4      651.6         20.3933        2.2216        18.1717214           -0.04357
   3      718.7         20.6377        2.8878        17.7499520           -0.05300
   2      792.3         20.9206        3.8879        17.0327104           -0.08226
   1      891.5         21.2850        5.7280        15.5570533           -0.12557
   0     1013.0         21.6042        8.9706        12.6335954           -0.20299

 Wavenumbers: 1180.0 - 1390.0 cm-1, ATM      1
 LEVEL    PRESSURE   UPWARD FLUX   DOWNWARD FLUX    NET FLUX       HEATING RATE
             mb          W/m2          W/m2           W/m2          degree/day
  51         .06700     17.5820        0.0000        17.5819541            0.00000
  50         .07753     17.5820        0.0000        17.5819543            0.00020
  49         .09103     17.5820        0.0000        17.5819523           -0.00130
  48        0.1069      17.5820        0.0000        17.5819466           -0.00302
  47        0.1255      17.5820        0.0000        17.5819358           -0.00489
  46        0.1487      17.5820        0.0001        17.5819160           -0.00723
  45        0.1794      17.5820        0.0001        17.5818799           -0.00989
  44        0.2165      17.5820        0.0001        17.5818252           -0.01246
  43        0.2613      17.5819        0.0002        17.5817444           -0.01522
  42        0.3336      17.5819        0.0003        17.5815790           -0.01929
  41        0.4307      17.5818        0.0005        17.5813113           -0.02328
  40        0.5894      17.5816        0.0008        17.5807703           -0.02877
  39        1.339       17.5801        0.0032        17.5768806           -0.04379
  38        1.782       17.5789        0.0049        17.5740386           -0.05411
  37        2.292       17.5777        0.0069        17.5707734           -0.05408
  36        2.964       17.5761        0.0095        17.5666612           -0.05162
  35        3.853       17.5743        0.0127        17.5615989           -0.04804
  34        5.035       17.5721        0.0166        17.5555246           -0.04339
  33        6.613       17.5696        0.0212        17.5484301           -0.03793
  32        8.786       17.5669        0.0265        17.5404171           -0.03112
  31       11.80        17.5638        0.0327        17.5311158           -0.02604
  30       15.07        17.5613        0.0384        17.5228467           -0.02135
  29       18.79        17.5593        0.0441        17.5152062           -0.01732
  28       23.16        17.5578        0.0502        17.5076204           -0.01467
  27       28.12        17.5566        0.0568        17.4997897           -0.01331
  26       33.73        17.5560        0.0644        17.4915395           -0.01240
  25       40.54        17.5558        0.0740        17.4818131           -0.01207
  24       48.69        17.5568        0.0861        17.4706638           -0.01154
  23       57.69        17.5595        0.1000        17.4594328           -0.01053
  22       68.43        17.5652        0.1170        17.4481901           -0.00884
  21       81.20        17.5757        0.1370        17.4387663           -0.00623
  20       96.49        17.5939        0.1599        17.4340355           -0.00261
  19      114.6         17.6428        0.1955        17.4472710            0.00618
  18      136.5         17.7103        0.2379        17.4723804            0.00966
  17      162.9         17.8065        0.2871        17.5194328            0.01504
  16      196.4         17.9620        0.3562        17.6057649            0.02173
  15      218.7         18.0776        0.4264        17.6511856            0.01724
  14      243.0         18.2213        0.5339        17.6874075            0.01256
  13      269.0         18.4092        0.6958        17.7134095            0.00843
  12      297.5         18.6650        0.9359        17.7291542            0.00467
  11      328.5         19.0084        1.2939        17.7144846           -0.00399
  10      361.9         19.4488        1.8030        17.6458347           -0.01737
   9      398.1         20.0158        2.5196        17.4962096           -0.03486
   8      437.6         20.6575        3.4341        17.2234168           -0.05832
   7      480.5         21.4598        4.6659        16.7938944           -0.08436
   6      533.0         22.4319        6.3188        16.1131524           -0.10951
   5      589.8         23.5213        8.3015        15.2197675           -0.13261
   4      651.6         24.7915       10.7215        14.0700022           -0.15723
   3      718.7         26.1881       13.4162        12.7718849           -0.16314
   2      792.3         27.7280       16.5570        11.1710183           -0.18360
   1      891.5         29.5529       20.6553         8.8976296           -0.19345
   0     1013.0         31.4339       25.5434         5.8905725           -0.20880

 Wavenumbers: 1390.0 - 1480.0 cm-1, ATM      1
 LEVEL    PRESSURE   UPWARD FLUX   DOWNWARD FLUX    NET FLUX       HEATING RATE
             mb          W/m2          W/m2           W/m2          degree/day
  51         .06700      2.2691        0.0000         2.2690608            0.00000
  50         .07753      2.2691        0.0000         2.2690988            0.03051
  49         .09103      2.2692        0.0000         2.2691425            0.02733
  48        0.1069       2.2693        0.0001         2.2691854            0.02283
  47        0.1255       2.2693        0.0001         2.2692229            0.01697
  46        0.1487       2.2694        0.0002         2.2692495            0.00970
  45        0.1794       2.2696        0.0003         2.2692522            0.00075
  44        0.2165       2.2697        0.0005         2.2692042           -0.01091
  43        0.2613       2.2698        0.0008         2.2690724           -0.02486
  42        0.3336       2.2700        0.0013         2.2686991           -0.04351
  41        0.4307       2.2701        0.0021         2.2679810           -0.06244
  40        0.5894       2.2700        0.0036         2.2663507           -0.08670
  39        1.339        2.2675        0.0107         2.2568189           -0.10731
  38        1.782        2.2658        0.0132         2.2526375           -0.07961
  37        2.292        2.2643        0.0146         2.2496974           -0.04870
  36        2.964        2.2628        0.0152         2.2476353           -0.02589
  35        3.853        2.2613        0.0149         2.2464241           -0.01150
  34        5.035        2.2599        0.0140         2.2458833           -0.00386
  33        6.613        2.2585        0.0128         2.2456903           -0.00103
  32        8.786        2.2571        0.0116         2.2455017           -0.00073
  31       11.80         2.2557        0.0108         2.2449193           -0.00163
  30       15.07         2.2547        0.0107         2.2439345           -0.00254
  29       18.79         2.2538        0.0110         2.2427552           -0.00267
  28       23.16         2.2531        0.0118         2.2413123           -0.00279
  27       28.12         2.2525        0.0129         2.2395394           -0.00301
  26       33.73         2.2519        0.0143         2.2376028           -0.00291
  25       40.54         2.2514        0.0160         2.2353585           -0.00278
  24       48.69         2.2509        0.0180         2.2329359           -0.00251
  23       57.69         2.2506        0.0200         2.2306001           -0.00219
  22       68.43         2.2505        0.0223         2.2282620           -0.00184
  21       81.20         2.2508        0.0247         2.2260494           -0.00146
  20       96.49         2.2514        0.0274         2.2240762           -0.00109
  19      114.6          2.2528        0.0305         2.2222582           -0.00085
  18      136.5          2.2548        0.0344         2.2204092           -0.00071
  17      162.9          2.2590        0.0402         2.2188474           -0.00050
  16      196.4          2.2739        0.0546         2.2192495            0.00010
  15      218.7          2.2962        0.0876         2.2086636           -0.00402
  14      243.0          2.3387        0.1605         2.1781685           -0.01058
  13      269.0          2.4129        0.3018         2.1110967           -0.02176
  12      297.5          2.5320        0.5163         2.0157366           -0.02828
  11      328.5          2.6953        0.7990         1.8962873           -0.03248
  10      361.9          2.9071        1.1815         1.7255584           -0.04320
   9      398.1          3.1724        1.6716         1.5007953           -0.05236
   8      437.6          3.4959        2.2638         1.2320965           -0.05745
   7      480.5          3.8761        2.9431         0.9330166           -0.05874
   6      533.0          4.3592        3.7474         0.6117589           -0.05168
   5      589.8          4.9115        4.5512         0.3602715           -0.03733
   4      651.6          5.5534        5.3525         0.2009039           -0.02179
   3      718.7          6.2783        6.1563         0.1219737           -0.00992
   2      792.3          7.0799        7.0108         0.0691277           -0.00606
   1      891.5          7.9426        7.9089         0.0337070           -0.00301
   0     1013.0          8.9414        8.9288         0.0126189           -0.00146

 Wavenumbers: 1480.0 - 1800.0 cm-1, ATM      1
 LEVEL    PRESSURE   UPWARD FLUX   DOWNWARD FLUX    NET FLUX       HEATING RATE
             mb          W/m2          W/m2           W/m2          degree/day
  51         .06700      2.8498        0.0000         2.8497790            0.00000
  50         .07753      2.8500        0.0001         2.8499598            0.14487
  49         .09103      2.8503        0.0001         2.8501667            0.12935
  48        0.1069       2.8506        0.0003         2.8503719            0.10921
  47        0.1255       2.8510        0.0005         2.8505584            0.08455
  46        0.1487       2.8515        0.0007         2.8507128            0.05630
  45        0.1794       2.8520        0.0012         2.8508054            0.02540
  44        0.2165       2.8526        0.0019         2.8507437           -0.01402
  43        0.2613       2.8532        0.0028         2.8504290           -0.05933
  42        0.3336       2.8540        0.0046         2.8494555           -0.11350
  41        0.4307       2.8547        0.0071         2.8476160           -0.15994
  40        0.5894       2.8551        0.0115         2.8435701           -0.21516
  39        1.339        2.8499        0.0261         2.8238556           -0.22195
  38        1.782        2.8455        0.0291         2.8163811           -0.14230
  37        2.292        2.8414        0.0299         2.8115173           -0.08056
  36        2.964        2.8374        0.0302         2.8072802           -0.05319
  35        3.853        2.8335        0.0306         2.8028676           -0.04188
  34        5.035        2.8296        0.0316         2.7979764           -0.03494
  33        6.613        2.8257        0.0330         2.7926412           -0.02852
  32        8.786        2.8217        0.0345         2.7872476           -0.02095
  31       11.80         2.8178        0.0358         2.7820333           -0.01460
  30       15.07         2.8147        0.0363         2.7783432           -0.00953
  29       18.79         2.8122        0.0365         2.7757131           -0.00596
  28       23.16         2.8102        0.0369         2.7733743           -0.00452
  27       28.12         2.8085        0.0379         2.7705665           -0.00477
  26       33.73         2.8071        0.0398         2.7672721           -0.00495
  25       40.54         2.8058        0.0427         2.7630912           -0.00519
  24       48.69         2.8049        0.0465         2.7583389           -0.00492
  23       57.69         2.8046        0.0509         2.7536997           -0.00435
  22       68.43         2.8051        0.0559         2.7491867           -0.00355
  21       81.20         2.8072        0.0618         2.7453344           -0.00255
  20       96.49         2.8118        0.0687         2.7430950           -0.00124
  19      114.6          2.8181        0.0787         2.7393415           -0.00175
  18      136.5          2.8273        0.0910         2.7362856           -0.00118
  17      162.9          2.8447        0.1100         2.7346797           -0.00051
  16      196.4          2.8975        0.1606         2.7368834            0.00055
  15      218.7          2.9689        0.2715         2.6973960           -0.01499
  14      243.0          3.0945        0.4999         2.5945840           -0.03566
  13      269.0          3.2995        0.8685         2.4310550           -0.05305
  12      297.5          3.6079        1.4152         2.1926433           -0.07071
  11      328.5          4.0113        2.0936         1.9176989           -0.07476
  10      361.9          4.5182        2.9007         1.6174665           -0.07596
   9      398.1          5.1350        3.8369         1.2980950           -0.07441
   8      437.6          5.8739        4.8837         0.9901819           -0.06583
   7      480.5          6.7313        6.0197         0.7115639           -0.05472
   6      533.0          7.8043        7.3451         0.4592085           -0.04060
   5      589.8          9.0266        8.7399         0.2867523           -0.02560
   4      651.6         10.4318       10.2547         0.1770475           -0.01500
   3      718.7         12.0218       11.9075         0.1143079           -0.00788
   2      792.3         13.7988       13.7317         0.0671479           -0.00541
   1      891.5         15.7203       15.6863         0.0339042           -0.00283
   0     1013.0         17.9800       17.9670         0.0130020           -0.00145

 Wavenumbers: 1800.0 - 2080.0 cm-1, ATM      1
 LEVEL    PRESSURE   UPWARD FLUX   DOWNWARD FLUX    NET FLUX       HEATING RATE
             mb          W/m2          W/m2           W/m2          degree/day
  51         .06700      2.3703        0.0000         2.3703314            0.00000
  50         .07753      2.3703        0.0000         2.3703314            0.00000
  49         .09103      2.3703        0.0000         2.3703314            0.00000
  48        0.1069       2.3703        0.0000         2.3703314            0.00000
  47        0.1255       2.3703        0.0000         2.3703314            0.00000
  46        0.1487       2.3703        0.0000         2.3703314            0.00000
  45        0.1794       2.3703        0.0000         2.3703314            0.00000
  44        0.2165       2.3703        0.0000         2.3703314            0.00000
  43        0.2613       2.3703        0.0000         2.3703314            0.00000
  42        0.3336       2.3703        0.0000         2.3703314            0.00000
  41        0.4307       2.3703        0.0000         2.3703314            0.00000
  40        0.5894       2.3703        0.0000         2.3703314            0.00000
  39        1.339        2.3703        0.0000         2.3703314            0.00000
  38        1.782        2.3703        0.0000         2.3703314            0.00000
  37        2.292        2.3703        0.0000         2.3703314            0.00000
  36        2.964        2.3703        0.0000         2.3703314            0.00000
  35        3.853        2.3703        0.0000         2.3703314            0.00000
  34        5.035        2.3703        0.0000         2.3703314            0.00000
  33        6.613        2.3703        0.0000         2.3703314            0.00000
  32        8.786        2.3703        0.0000         2.3703314            0.00000
  31       11.80         2.3703        0.0000         2.3703314            0.00000
  30       15.07         2.3703        0.0000         2.3703314            0.00000
  29       18.79         2.3703        0.0000         2.3703314            0.00000
  28       23.16         2.3703        0.0000         2.3703314            0.00000
  27       28.12         2.3703        0.0000         2.3703314            0.00000
  26       33.73         2.3703        0.0000         2.3703314            0.00000
  25       40.54         2.3703        0.0000         2.3703314            0.00000
  24       48.69         2.3703        0.0000         2.3703314            0.00000
  23       57.69         2.3703        0.0000         2.3703314            0.00000
  22       68.43         2.3703        0.0000         2.3703314            0.00000
  21       81.20         2.3703        0.0000         2.3703314            0.00000
  20       96.49         2.3703        0.0000         2.3703314            0.00000
  19      114.6          2.3715        0.0010         2.3705100            0.00008
  18      136.5          2.3732        0.0020         2.3712677            0.00029
  17      162.9          2.3759        0.0032         2.3727518            0.00047
  16      196.4          2.3816        0.0056         2.3759467            0.00080
  15      218.7          2.3881        0.0103         2.3777693            0.00069
  14      243.0          2.3997        0.0208         2.3788922            0.00039
  13      269.0          2.4200        0.0415         2.3784281           -0.00015
  12      297.5          2.4533        0.0735         2.3798532            0.00042
  11      328.5          2.5023        0.1200         2.3822531            0.00065
  10      361.9          2.5726        0.1929         2.3796756           -0.00065
   9      398.1          2.6691        0.3028         2.3662351           -0.00313
   8      437.6          2.7924        0.4575         2.3348759           -0.00670
   7      480.5          2.9528        0.6705         2.2822889           -0.01033
   6      533.0          3.1702        0.9851         2.1851562           -0.01563
   5      589.8          3.4388        1.4014         2.0374070           -0.02193
   4      651.6          3.7833        1.9512         1.8320652           -0.02808
   3      718.7          4.2027        2.6084         1.5943451           -0.02987
   2      792.3          4.6968        3.3977         1.2991631           -0.03385
   1      891.5          5.3031        4.3949         0.9081546           -0.03327
   0     1013.0          5.9963        5.5256         0.4706885           -0.03038

 Wavenumbers: 2080.0 - 2250.0 cm-1, ATM      1
 LEVEL    PRESSURE   UPWARD FLUX   DOWNWARD FLUX    NET FLUX       HEATING RATE
             mb          W/m2          W/m2           W/m2          degree/day
  51         .06700      0.8437        0.0000         0.8437478            0.00000
  50         .07753      0.8437        0.0000         0.8437482            0.00030
  49         .09103      0.8437        0.0000         0.8437487            0.00030
  48        0.1069       0.8437        0.0000         0.8437492            0.00029
  47        0.1255       0.8438        0.0000         0.8437498            0.00024
  46        0.1487       0.8438        0.0000         0.8437502            0.00015
  45        0.1794       0.8438        0.0000         0.8437501           -0.00001
  44        0.2165       0.8438        0.0000         0.8437489           -0.00028
  43        0.2613       0.8438        0.0000         0.8437454           -0.00067
  42        0.3336       0.8438        0.0000         0.8437341           -0.00132
  41        0.4307       0.8438        0.0000         0.8437091           -0.00217
  40        0.5894       0.8437        0.0001         0.8436418           -0.00358
  39        1.339        0.8435        0.0005         0.8429533           -0.00775
  38        1.782        0.8433        0.0009         0.8424401           -0.00977
  37        2.292        0.8432        0.0013         0.8418896           -0.00912
  36        2.964        0.8431        0.0019         0.8412602           -0.00790
  35        3.853        0.8431        0.0025         0.8406092           -0.00618
  34        5.035        0.8434        0.0033         0.8400683           -0.00386
  33        6.613        0.8440        0.0042         0.8398041           -0.00141
  32        8.786        0.8450        0.0051         0.8399837            0.00070
  31       11.80         0.8467        0.0059         0.8407653            0.00219
  30       15.07         0.8484        0.0065         0.8418793            0.00288
  29       18.79         0.8503        0.0070         0.8432882            0.00319
  28       23.16         0.8525        0.0075         0.8449607            0.00323
  27       28.12         0.8547        0.0079         0.8467871            0.00310
  26       33.73         0.8568        0.0082         0.8486039            0.00273
  25       40.54         0.8590        0.0085         0.8504829            0.00233
  24       48.69         0.8612        0.0088         0.8524237            0.00201
  23       57.69         0.8632        0.0090         0.8542150            0.00168
  22       68.43         0.8651        0.0091         0.8559533            0.00137
  21       81.20         0.8667        0.0092         0.8574340            0.00098
  20       96.49         0.8679        0.0093         0.8586245            0.00066
  19      114.6          0.8715        0.0098         0.8616442            0.00141
  18      136.5          0.8764        0.0101         0.8662268            0.00176
  17      162.9          0.8833        0.0105         0.8728456            0.00212
  16      196.4          0.8947        0.0112         0.8835643            0.00270
  15      218.7          0.9036        0.0124         0.8911767            0.00289
  14      243.0          0.9142        0.0145         0.8997019            0.00296
  13      269.0          0.9271        0.0179         0.9091948            0.00308
  12      297.5          0.9426        0.0229         0.9197269            0.00312
  11      328.5          0.9619        0.0301         0.9318474            0.00330
  10      361.9          0.9866        0.0403         0.9463647            0.00367
   9      398.1          1.0179        0.0547         0.9631618            0.00391
   8      437.6          1.0534        0.0738         0.9795918            0.00351
   7      480.5          1.0983        0.1009         0.9973306            0.00348
   6      533.0          1.1543        0.1406         1.0137578            0.00264
   5      589.8          1.2185        0.1926         1.0259495            0.00181
   4      651.6          1.2926        0.2627         1.0299283            0.00054
   3      718.7          1.3735        0.3539         1.0195876           -0.00130
   2      792.3          1.4608        0.4792         0.9816545           -0.00435
   1      891.5          1.5666        0.6817         0.8848944           -0.00823
   0     1013.0          1.6510        0.9744         0.6766003           -0.01446

 Wavenumbers: 2250.0 - 2380.0 cm-1, ATM      1
 LEVEL    PRESSURE   UPWARD FLUX   DOWNWARD FLUX    NET FLUX       HEATING RATE
             mb          W/m2          W/m2           W/m2          degree/day
  51         .06700      0.0773        0.0000         0.0772800            0.00000
  50         .07753      0.0776        0.0008         0.0767879           -0.39447
  49         .09103      0.0780        0.0012         0.0767455           -0.02647
  48        0.1069       0.0785        0.0017         0.0767833            0.02011
  47        0.1255       0.0792        0.0023         0.0768177            0.01558
  46        0.1487       0.0799        0.0032         0.0767751           -0.01552
  45        0.1794       0.0810        0.0042         0.0767640           -0.00304
  44        0.2165       0.0822        0.0055         0.0767502           -0.00314
  43        0.2613       0.0838        0.0071         0.0766509           -0.01872
  42        0.3336       0.0857        0.0093         0.0763703           -0.03272
  41        0.4307       0.0879        0.0120         0.0759066           -0.04032
  40        0.5894       0.0902        0.0157         0.0745667           -0.07125
  39        1.339        0.0877        0.0252         0.0625258           -0.13556
  38        1.782        0.0806        0.0265         0.0541028           -0.16036
  37        2.292        0.0740        0.0286         0.0454441           -0.14341
  36        2.964        0.0675        0.0319         0.0355473           -0.12423
  35        3.853        0.0609        0.0365         0.0244060           -0.10573
  34        5.035        0.0542        0.0418         0.0124180           -0.08564
  33        6.613        0.0475        0.0469         0.0005841           -0.06326
  32        8.786        0.0410        0.0502        -0.0092320           -0.03812
  31       11.80         0.0347        0.0493        -0.0146510           -0.01517
  30       15.07         0.0300        0.0443        -0.0143012            0.00090
  29       18.79         0.0265        0.0369        -0.0104528            0.00873
  28       23.16         0.0240        0.0299        -0.0059356            0.00873
  27       28.12         0.0219        0.0250        -0.0031393            0.00475
  26       33.73         0.0202        0.0219        -0.0016813            0.00219
  25       40.54         0.0186        0.0196        -0.0010494            0.00078
  24       48.69         0.0169        0.0176        -0.0006963            0.00037
  23       57.69         0.0155        0.0160        -0.0004732            0.00021
  22       68.43         0.0141        0.0145        -0.0003175            0.00012
  21       81.20         0.0130        0.0132        -0.0001943            0.00008
  20       96.49         0.0121        0.0122        -0.0000617            0.00007
  19      114.6          0.0121        0.0121         0.0000000            0.00003
  18      136.5          0.0121        0.0121         0.0000005            0.00000
  17      162.9          0.0122        0.0121         0.0000402            0.00001
  16      196.4          0.0162        0.0159         0.0002678            0.00006
  15      218.7          0.0219        0.0216         0.0003306            0.00002
  14      243.0          0.0294        0.0291         0.0003616            0.00001
  13      269.0          0.0390        0.0386         0.0003928            0.00001
  12      297.5          0.0510        0.0506         0.0004182            0.00001
  11      328.5          0.0660        0.0656         0.0004518            0.00001
  10      361.9          0.0850        0.0845         0.0004850            0.00001
   9      398.1          0.1083        0.1078         0.0005155            0.00001
   8      437.6          0.1369        0.1364         0.0005451            0.00001
   7      480.5          0.1717        0.1712         0.0005559            0.00000
   6      533.0          0.2167        0.2162         0.0005537            0.00000
   5      589.8          0.2706        0.2701         0.0005762            0.00000
   4      651.6          0.3353        0.3347         0.0005964            0.00000
   3      718.7          0.4125        0.4119         0.0006151            0.00000
   2      792.3          0.5039        0.5034         0.0005672           -0.00001
   1      891.5          0.6079        0.6074         0.0004739           -0.00001
   0     1013.0          0.7373        0.7370         0.0002404           -0.00002

 Wavenumbers: 2380.0 - 2600.0 cm-1, ATM      1
 LEVEL    PRESSURE   UPWARD FLUX   DOWNWARD FLUX    NET FLUX       HEATING RATE
             mb          W/m2          W/m2           W/m2          degree/day
  51         .06700      0.4686        0.0000         0.4686071            0.00000
  50         .07753      0.4686        0.0000         0.4686071            0.00000
  49         .09103      0.4686        0.0000         0.4686071            0.00000
  48        0.1069       0.4686        0.0000         0.4686071            0.00000
  47        0.1255       0.4686        0.0000         0.4686071            0.00000
  46        0.1487       0.4686        0.0000         0.4686071            0.00000
  45        0.1794       0.4686        0.0000         0.4686071            0.00000
  44        0.2165       0.4686        0.0000         0.4686071            0.00000
  43        0.2613       0.4686        0.0000         0.4686071            0.00000
  42        0.3336       0.4686        0.0000         0.4686071            0.00000
  41        0.4307       0.4686        0.0000         0.4686071            0.00000
  40        0.5894       0.4686        0.0000         0.4686071            0.00000
  39        1.339        0.4686        0.0000         0.4686071            0.00000
  38        1.782        0.4686        0.0000         0.4686071            0.00000
  37        2.292        0.4686        0.0000         0.4686071            0.00000
  36        2.964        0.4686        0.0000         0.4686071            0.00000
  35        3.853        0.4686        0.0000         0.4686071            0.00000
  34        5.035        0.4686        0.0000         0.4686071            0.00000
  33        6.613        0.4686        0.0000         0.4686071            0.00000
  32        8.786        0.4686        0.0000         0.4686071            0.00000
  31       11.80         0.4686        0.0000         0.4686071            0.00000
  30       15.07         0.4686        0.0000         0.4686071            0.00000
  29       18.79         0.4686        0.0000         0.4686071            0.00000
  28       23.16         0.4686        0.0000         0.4686071            0.00000
  27       28.12         0.4686        0.0000         0.4686071            0.00000
  26       33.73         0.4686        0.0000         0.4686071            0.00000
  25       40.54         0.4686        0.0000         0.4686071            0.00000
  24       48.69         0.4686        0.0000         0.4686071            0.00000
  23       57.69         0.4686        0.0000         0.4686071            0.00000
  22       68.43         0.4686        0.0000         0.4686071            0.00000
  21       81.20         0.4686        0.0000         0.4686071            0.00000
  20       96.49         0.4686        0.0000         0.4686071            0.00000
  19      114.6          0.4697        0.0006         0.4691393            0.00025
  18      136.5          0.4712        0.0007         0.4705198            0.00053
  17      162.9          0.4734        0.0008         0.4726678            0.00069
  16      196.4          0.4771        0.0009         0.4761400            0.00087
  15      218.7          0.4799        0.0013         0.4785873            0.00093
  14      243.0          0.4833        0.0019         0.4813960            0.00097
  13      269.0          0.4873        0.0026         0.4846230            0.00105
  12      297.5          0.4920        0.0037         0.4882961            0.00109
  11      328.5          0.4979        0.0051         0.4927813            0.00122
  10      361.9          0.5058        0.0072         0.4986734            0.00149
   9      398.1          0.5163        0.0101         0.5061131            0.00173
   8      437.6          0.5277        0.0141         0.5136621            0.00161
   7      480.5          0.5430        0.0199         0.5231039            0.00185
   6      533.0          0.5609        0.0283         0.5325874            0.00153
   5      589.8          0.5799        0.0393         0.5406562            0.00120
   4      651.6          0.6000        0.0538         0.5461881            0.00076
   3      718.7          0.6187        0.0713         0.5473342            0.00014
   2      792.3          0.6372        0.0946         0.5425738           -0.00055
   1      891.5          0.6559        0.1297         0.5262263           -0.00139
   0     1013.0          0.6714        0.1818         0.4896329           -0.00254

 Wavenumbers: 2600.0 - 3250.0 cm-1, ATM      1
 LEVEL    PRESSURE   UPWARD FLUX   DOWNWARD FLUX    NET FLUX       HEATING RATE
             mb          W/m2          W/m2           W/m2          degree/day
  51         .06700      0.3222        0.0000         0.3222276            0.00000
  50         .07753      0.3222        0.0000         0.3222276            0.00001
  49         .09103      0.3222        0.0000         0.3222276            0.00001
  48        0.1069       0.3222        0.0000         0.3222276            0.00000
  47        0.1255       0.3222        0.0000         0.3222276            0.00000
  46        0.1487       0.3222        0.0000         0.3222276           -0.00001
  45        0.1794       0.3222        0.0000         0.3222275           -0.00002
  44        0.2165       0.3222        0.0000         0.3222274           -0.00003
  43        0.2613       0.3222        0.0000         0.3222271           -0.00005
  42        0.3336       0.3222        0.0000         0.3222265           -0.00007
  41        0.4307       0.3222        0.0000         0.3222254           -0.00010
  40        0.5894       0.3222        0.0000         0.3222227           -0.00014
  39        1.339        0.3222        0.0000         0.3221998           -0.00026
  38        1.782        0.3222        0.0000         0.3221843           -0.00030
  37        2.292        0.3222        0.0000         0.3221689           -0.00025
  36        2.964        0.3222        0.0000         0.3221524           -0.00021
  35        3.853        0.3222        0.0001         0.3221355           -0.00016
  34        5.035        0.3222        0.0001         0.3221188           -0.00012
  33        6.613        0.3222        0.0001         0.3221037           -0.00008
  32        8.786        0.3222        0.0001         0.3220917           -0.00005
  31       11.80         0.3222        0.0001         0.3220849           -0.00002
  30       15.07         0.3222        0.0001         0.3220859            0.00000
  29       18.79         0.3222        0.0001         0.3220942            0.00002
  28       23.16         0.3223        0.0001         0.3221104            0.00003
  27       28.12         0.3223        0.0002         0.3221343            0.00004
  26       33.73         0.3223        0.0002         0.3221684            0.00005
  25       40.54         0.3224        0.0002         0.3222198            0.00006
  24       48.69         0.3225        0.0002         0.3222957            0.00008
  23       57.69         0.3226        0.0002         0.3223942            0.00009
  22       68.43         0.3228        0.0002         0.3225279            0.00011
  21       81.20         0.3230        0.0003         0.3227065            0.00012
  20       96.49         0.3232        0.0003         0.3229411            0.00013
  19      114.6          0.3236        0.0003         0.3232477            0.00014
  18      136.5          0.3240        0.0004         0.3236428            0.00015
  17      162.9          0.3246        0.0004         0.3241616            0.00017
  16      196.4          0.3254        0.0005         0.3249131            0.00019
  15      218.7          0.3260        0.0005         0.3254362            0.00020
  14      243.0          0.3267        0.0006         0.3260611            0.00022
  13      269.0          0.3277        0.0008         0.3268495            0.00026
  12      297.5          0.3290        0.0012         0.3278392            0.00029
  11      328.5          0.3310        0.0017         0.3292240            0.00038
  10      361.9          0.3342        0.0028         0.3313947            0.00055
   9      398.1          0.3389        0.0045         0.3344201            0.00070
   8      437.6          0.3444        0.0072         0.3372420            0.00060
   7      480.5          0.3526        0.0116         0.3410245            0.00074
   6      533.0          0.3626        0.0186         0.3439646            0.00047
   5      589.8          0.3742        0.0285         0.3457211            0.00026
   4      651.6          0.3885        0.0422         0.3463501            0.00009
   3      718.7          0.4051        0.0593         0.3458075           -0.00007
   2      792.3          0.4250        0.0837         0.3413018           -0.00052
   1      891.5          0.4499        0.1228         0.3270754           -0.00121
   0     1013.0          0.4758        0.1875         0.2882726           -0.00269

  Modules and versions used in this calculation:

       rrtmg_lw.1col.f90:  $Revision: 1.10 $             rrtmg_lw_init.f90:  $Revision: 1.6 $  
     rrtmglw_cldprop.f90:  $Revision: 1.9 $            rrtmglw_cldprmc.f90:  NOT USED          
       rrtmg_lw_rtrn.f90:  NOT USED                    rrtmg_lw_rtrnmr.f90:  $Revision: 1.7 $  
     rrtmg_lw_rtrnmc.f90:  NOT USED                    rrtmglw_setcoef.f90:  $Revision: 1.6 $  
     rrtmg_lw_taumol.f90:  $Revision: 1.8 $                       rrtatm.f:  NOT USED          
              util_xxx.f:  NOT USED                                extra.f:  NOT USED          
        rrtmg_lw_k_g.f90:  $Revision: 1.4 $  
