 Wavenumbers:   10.0 - 3250.0 cm-1, ATM      1
 LEVEL    PRESSURE   UPWARD FLUX   DOWNWARD FLUX    NET FLUX       HEATING RATE
             mb          W/m2          W/m2           W/m2          degree/day
  51         .06700    242.8428        0.0000       242.8428336            0.00000
  50         .07753    242.8517        0.0373       242.8143346          -22.84232
  49         .09103    242.8625        0.0572       242.8053084           -5.64166
  48        0.1069     242.8745        0.0799       242.7945994           -5.70045
  47        0.1255     242.8875        0.1062       242.7813232           -6.01879
  46        0.1487     242.9023        0.1394       242.7629448           -6.69912
  45        0.1794     242.9204        0.1829       242.7374877           -6.98857
  44        0.2165     242.9398        0.2336       242.7061772           -7.12261
  43        0.2613     242.9592        0.2934       242.6657718           -7.61624
  42        0.3336     242.9826        0.3896       242.5930420           -8.47957
  41        0.4307     243.0040        0.5140       242.4899005           -8.96792
  40        0.5894     243.0115        0.7165       242.2949676          -10.36629
  39        1.339      242.8372        1.6011       241.2361220          -11.92068
  38        1.782      242.6546        2.0122       240.6423531          -11.30440
  37        2.292      242.4629        2.3938       240.0691079           -9.49444
  36        2.964      242.2429        2.7952       239.4477219           -7.80027
  35        3.853      241.9903        3.2248       238.7654643           -6.47475
  34        5.035      241.7064        3.7099       237.9965109           -5.49308
  33        6.613      241.3957        4.2915       237.1041721           -4.77045
  32        8.786      241.0692        4.9863       236.0828524           -3.96644
  31       11.80       240.7383        5.8304       234.9079281           -3.28942
  30       15.07       240.4846        6.5939       233.8907307           -2.62621
  29       18.79       240.2991        7.3401       232.9589905           -2.11254
  28       23.16       240.1923        8.1511       232.0411904           -1.77473
  27       28.12       240.1269        9.0191       231.1077530           -1.58678
  26       33.73       240.1041        9.9071       230.1970012           -1.36934
  25       40.54       240.1098       10.8765       229.2332472           -1.19565
  24       48.69       240.1609       11.8885       228.2723919           -0.99433
  23       57.69       240.2621       12.8395       227.4225437           -0.79660
  22       68.43       240.4325       13.7840       226.6485828           -0.60844
  21       81.20       240.6833       14.7195       225.9637175           -0.45255
  20       96.49       241.0501       15.6607       225.3893630           -0.31700
  19      114.6        241.6720       16.8018       224.8702437           -0.24239
  18      136.5        242.4932       18.1439       224.3492854           -0.20032
  17      162.9        243.7304       19.9266       223.8037390           -0.17438
  16      196.4        246.4260       23.6944       222.7315152           -0.26989
  15      218.7        248.6696       28.7747       219.8949079           -1.07695
  14      243.0        251.3660       36.5680       214.7979595           -1.76779
  13      269.0        254.5641       46.9738       207.5902633           -2.33814
  12      297.5        269.5311       74.9444       194.5867615           -3.85670
  11      328.5        288.2342       97.7963       190.4379015           -1.12806
  10      361.9        293.7835      108.7977       184.9858164           -1.37943
   9      398.1        299.9971      121.1467       178.8503851           -1.42942
   8      437.6        306.9465      135.0519       171.8946089           -1.48719
   7      480.5        314.5059      150.4286       164.0773106           -1.53529
   6      533.0        323.5466      169.6058       153.9408548           -1.63063
   5      589.8        333.1519      191.0460       142.1059639           -1.75669
   4      651.6        352.0851      253.6447        98.4403755           -5.97139
   3      718.7        377.2797      286.8233        90.4563655           -1.00337
   2      792.3        391.5723      308.8668        82.7055749           -0.88893
   1      891.5        407.6944      337.3824        70.3119965           -1.05463
   0     1013.0        424.7960      374.2668        50.5292555           -1.37362

  Modules and versions used in this calculation:

       rrtmg_lw.1col.f90:  $Revision: 1.10 $             rrtmg_lw_init.f90:  $Revision: 1.6 $  
     rrtmglw_cldprop.f90:  NOT USED                    rrtmglw_cldprmc.f90:  $Revision: 1.9 $  
       rrtmg_lw_rtrn.f90:  NOT USED                    rrtmg_lw_rtrnmr.f90:  NOT USED          
     rrtmg_lw_rtrnmc.f90:  $Revision: 1.7 $            rrtmglw_setcoef.f90:  $Revision: 1.6 $  
     rrtmg_lw_taumol.f90:  $Revision: 1.8 $                       rrtatm.f:  NOT USED          
              util_xxx.f:  NOT USED                                extra.f:  NOT USED          
        rrtmg_lw_k_g.f90:  $Revision: 1.4 $  
