 Wavenumbers:   10.0 - 3250.0 cm-1, ATM      1
 LEVEL    PRESSURE   UPWARD FLUX   DOWNWARD FLUX    NET FLUX       HEATING RATE
             mb          W/m2          W/m2           W/m2          degree/day
  59        0.1000     199.4693        0.0000       199.4693458            0.00000
  58        0.1400     199.4735        0.1345       199.3389726          -27.50595
  57        0.1970     199.4797        0.2239       199.2558811          -12.30213
  56        0.2760     199.4792        0.3262       199.1530201          -10.98809
  55        0.3870     199.4576        0.4464       199.0112406          -10.77926
  54        0.5430     199.4124        0.5893       198.8231072          -10.17747
  53        0.7620     199.3282        0.7484       198.5797317           -9.37845
  52        1.070      199.2322        0.9141       198.3181367           -7.16766
  51        1.500      199.1210        1.1119       198.0091258           -6.06462
  50        2.100      198.9972        1.3395       197.6576545           -4.94353
  49        2.950      198.8612        1.5900       197.2711898           -3.83698
  48        4.130      198.7252        1.8483       196.8769053           -2.81985
  47        5.800      198.6167        2.1549       196.4618336           -2.09752
  46        8.130      198.5329        2.6094       195.9235355           -1.94969
  45       11.41       198.4664        3.2490       195.2174248           -1.81676
  44       16.01       198.4326        4.0653       194.3672525           -1.55972
  43       22.46       198.5080        5.0889       193.4191418           -1.24050
  42       31.51       198.8172        6.5763       192.2409681           -1.09865
  41       44.20       199.2601        8.6207       190.6394565           -1.06504
  40       62.00       199.8837       11.1529       188.7308086           -0.90491
  39       85.77       200.6095       13.9514       186.6580866           -0.73589
  38      109.5        201.2466       16.3189       184.9276566           -0.61436
  37      133.3        201.7551       18.3104       183.4447634           -0.52626
  36      157.1        202.2498       20.0559       182.1939471           -0.44389
  35      180.9        202.7142       21.7971       180.9171322           -0.45331
  34      204.7        203.2071       23.7395       179.4675177           -0.51445
  33      228.4        203.7817       26.0006       177.7811157           -0.59873
  32      252.2        204.4821       28.6046       175.8774469           -0.67558
  31      276.0        205.3722       31.2729       174.0992242           -0.63133
  30      299.8        206.6876       34.1525       172.5351312           -0.55507
  29      323.5        208.1150       37.1303       170.9847511           -0.55044
  28      347.3        209.8575       40.6003       169.2572094           -0.61334
  27      371.1        211.8624       45.6278       166.2345538           -1.07269
  26      394.9        214.1393       51.9372       162.2020749           -1.43106
  25      418.6        216.5246       58.1732       158.3514295           -1.36711
  24      442.4        218.9228       64.1256       154.7972455           -1.26185
  23      466.2        221.3902       70.1487       151.2415592           -1.26186
  22      490.0        223.8884       76.3068       147.5816231           -1.29885
  21      513.7        226.4037       82.5680       143.8356209           -1.32996
  20      537.5        228.9815       89.0613       139.9201983           -1.38952
  19      561.3        231.5454       95.6383       135.9070400           -1.42481
  18      585.0        234.0168      102.2783       131.7385254           -1.47996
  17      608.8        236.1856      108.8412       127.3444012           -1.55941
  16      632.6        238.2213      114.9893       123.2319033           -1.45946
  15      656.4        240.1751      120.9256       119.2494844           -1.41389
  14      680.1        241.9438      126.7282       115.2155884           -1.43217
  13      703.9        243.3107      132.0180       111.2926099           -1.39220
  12      727.7        244.6256      136.9062       107.7194004           -1.26808
  11      751.5        245.8929      141.5658       104.3271293           -1.20437
  10      775.3        247.1021      146.0120       101.0901303           -1.14876
   9      799.0        248.2511      150.3146        97.9364782           -1.11965
   8      822.8        249.3123      154.4014        94.9108234           -1.07376
   7      846.6        250.2387      158.3105        91.9281990           -1.05893
   6      870.4        250.9600      162.0623        88.8977101           -1.07547
   5      894.1        250.9742      165.4288        85.5453892           -1.19019
   4      917.9        250.2661      167.5689        82.6971908           -1.01121
   3      941.7        249.6122      169.1712        80.4410946           -0.80065
   2      965.5        249.0185      170.4637        78.5548141           -0.66941
   1      989.2        248.4979      171.5318        76.9661215           -0.56380
   0     1013.0        248.1389      172.4107        75.7282766           -0.43948

  Modules and versions used in this calculation:

       rrtmg_lw.1col.f90:  $Revision: 1.10 $             rrtmg_lw_init.f90:  $Revision: 1.6 $  
     rrtmglw_cldprop.f90:  $Revision: 1.9 $            rrtmglw_cldprmc.f90:  NOT USED          
       rrtmg_lw_rtrn.f90:  NOT USED                    rrtmg_lw_rtrnmr.f90:  $Revision: 1.7 $  
     rrtmg_lw_rtrnmc.f90:  NOT USED                    rrtmglw_setcoef.f90:  $Revision: 1.6 $  
     rrtmg_lw_taumol.f90:  $Revision: 1.8 $                       rrtatm.f:  NOT USED          
              util_xxx.f:  NOT USED                                extra.f:  NOT USED          
        rrtmg_lw_k_g.f90:  $Revision: 1.4 $  
