 Wavenumbers:   10.0 - 3250.0 cm-1, ATM      1
 LEVEL    PRESSURE   UPWARD FLUX   DOWNWARD FLUX    NET FLUX       HEATING RATE
             mb          W/m2          W/m2           W/m2          degree/day
  60         .000300   287.5743        0.0000       287.5742988            0.00000
  59        0.1000     287.6135        0.1141       287.4993747           -6.34198
  58        0.1403     287.6349        0.1526       287.4823138           -3.57270
  57        0.1968     287.6618        0.2091       287.4527526           -4.41541
  56        0.2760     287.6938        0.2904       287.4033378           -5.26539
  55        0.3871     287.7284        0.4101       287.3182773           -6.46119
  54        0.5430     287.7560        0.5886       287.1674211           -8.16612
  53        0.7617     287.7445        0.8538       286.8907511          -10.67608
  52        1.069      287.6601        1.1817       286.4783894          -11.34283
  51        1.499      287.5298        1.5717       285.9581452          -10.20315
  50        2.102      287.3401        2.0236       285.3165369           -8.97055
  49        2.949      287.1032        2.5216       284.5815798           -7.32626
  48        4.137      286.8237        3.0628       283.7608920           -5.83185
  47        5.803      286.5066        3.6952       282.8113852           -4.81003
  46        8.139      286.1617        4.4752       281.6864449           -4.06280
  45       11.42       285.8017        5.3918       280.4099547           -3.28650
  44       16.01       285.4495        6.4142       279.0352967           -2.52320
  43       22.46       285.1431        7.5605       277.5825947           -1.90091
  42       31.51       284.9250        8.8476       276.0773981           -1.40414
  41       44.20       284.7710       10.1994       274.5715649           -1.00144
  40       62.00       284.7834       11.1502       273.6331324           -0.44492
  39       85.78       285.4748       11.5943       273.8804772            0.08780
  38      109.6        287.3958       12.1278       275.2679997            0.49251
  37      133.1        290.1166       13.9567       276.1599157            0.32030
  36      156.8        292.7630       16.4872       276.2757646            0.04108
  35      180.6        295.4770       19.7784       275.6986373           -0.20489
  34      202.8        298.1190       24.1187       274.0002844           -0.64483
  33      228.4        300.9590       30.2621       270.6969269           -1.08990
  32      252.2        304.0316       38.0396       265.9919488           -1.67007
  31      276.0        307.3021       47.0249       260.2771224           -2.02853
  30      299.8        310.8657       56.9057       253.9599860           -2.24232
  29      323.5        314.7158       67.2059       247.5099635           -2.28949
  28      347.3        318.8034       77.6894       241.1140602           -2.27028
  27      371.1        323.0430       88.1378       234.9051602           -2.20390
  26      394.9        327.4951       98.8522       228.6429288           -2.22283
  25      418.6        332.1084      109.6306       222.4777253           -2.18839
  24      442.4        336.8814      120.5435       216.3378797           -2.17939
  23      466.2        341.7871      131.4720       210.3150968           -2.13784
  22      490.0        346.7591      142.4154       204.3437117           -2.11960
  21      513.7        351.8680      153.6345       198.2335887           -2.16884
  20      537.5        357.0742      165.0109       192.0633062           -2.19020
  19      561.3        362.3572      176.5152       185.8420536           -2.20829
  18      585.1        367.7586      188.1652       179.5934284           -2.21800
  17      608.8        373.1791      199.6604       173.5186878           -2.15628
  16      632.6        378.5635      210.9885       167.5750575           -2.10974
  15      656.4        383.9478      222.4094       161.5383292           -2.14279
  14      680.2        389.1877      233.7248       155.4628555           -2.15654
  13      703.9        394.1267      244.7711       149.3555787           -2.16783
  12      727.7        398.7031      255.5485       143.1545667           -2.20110
  11      751.5        403.0645      266.1699       136.8945343           -2.22205
  10      775.3        407.5124      276.8069       130.7055523           -2.19683
   9      799.0        412.3218      287.9075       124.4143451           -2.23312
   8      822.8        417.6219      299.7185       117.9034066           -2.31112
   7      846.6        423.1672      311.5973       111.5698541           -2.24815
   6      870.4        428.8073      323.5984       105.2089156           -2.25787
   5      894.1        434.4279      335.6821        98.7457567           -2.29416
   4      917.9        439.9590      347.9452        92.0138177           -2.38956
   3      941.7        445.3783      360.4079        84.9703673           -2.50013
   2      965.5        450.5814      372.9543        77.6271303           -2.60655
   1      989.2        455.4423      385.5541        69.8882059           -2.74642
   0     1013.0        459.2934      398.1302        61.1632298           -3.09766

  Modules and versions used in this calculation:

       rrtmg_lw.1col.f90:  $Revision: 1.10 $             rrtmg_lw_init.f90:  $Revision: 1.6 $  
     rrtmglw_cldprop.f90:  $Revision: 1.9 $            rrtmglw_cldprmc.f90:  NOT USED          
       rrtmg_lw_rtrn.f90:  NOT USED                    rrtmg_lw_rtrnmr.f90:  $Revision: 1.7 $  
     rrtmg_lw_rtrnmc.f90:  NOT USED                    rrtmglw_setcoef.f90:  $Revision: 1.6 $  
     rrtmg_lw_taumol.f90:  $Revision: 1.8 $                       rrtatm.f:  NOT USED          
              util_xxx.f:  NOT USED                                extra.f:  NOT USED          
        rrtmg_lw_k_g.f90:  $Revision: 1.4 $  
