 Wavenumbers:   10.0 - 3250.0 cm-1, ATM      1
 LEVEL    PRESSURE   UPWARD FLUX   DOWNWARD FLUX    NET FLUX       HEATING RATE
             mb          W/m2          W/m2           W/m2          degree/day
  51         .06700    286.9745        0.0000       286.9744830            0.00000
  50         .07753    286.9833        0.0373       286.9459853          -22.84128
  49         .09103    286.9941        0.0572       286.9369611           -5.64043
  48        0.1069     287.0061        0.0799       286.9262548           -5.69897
  47        0.1255     287.0192        0.1062       286.9129826           -6.01701
  46        0.1487     287.0340        0.1394       286.8946103           -6.69687
  45        0.1794     287.0521        0.1829       286.8691635           -6.98576
  44        0.2165     287.0714        0.2336       286.8378678           -7.11922
  43        0.2613     287.0909        0.2934       286.7974841           -7.61216
  42        0.3336     287.1144        0.3896       286.7247991           -8.47436
  41        0.4307     287.1358        0.5140       286.6217316           -8.96148
  40        0.5894     287.1435        0.7165       286.4269557          -10.35794
  39        1.339      286.9705        1.6011       285.3694674          -11.90540
  38        1.782      286.7892        2.0122       284.7769829          -11.27995
  37        2.292      286.5995        2.3938       284.2057048           -9.46185
  36        2.964      286.3830        2.7952       283.5877671           -7.75699
  35        3.853      286.1364        3.2248       282.9115952           -6.41700
  34        5.035      285.8629        3.7099       282.1529473           -5.41947
  33        6.613      285.5687        4.2915       281.2771436           -4.68205
  32        8.786      285.2676        4.9863       280.2812105           -3.86784
  31       11.80       284.9764        5.8304       279.1459941           -3.17825
  30       15.07       284.7683        6.5939       278.1744262           -2.50840
  29       18.79       284.6379        7.3401       277.2978254           -1.98752
  28       23.16       284.5993        8.1511       276.4482335           -1.64284
  27       28.12       284.6157        9.0191       275.5965832           -1.44775
  26       33.73       284.6840        9.9071       274.7768799           -1.23245
  25       40.54       284.7972       10.8765       273.9206728           -1.06222
  24       48.69       284.9770       11.8885       273.0884612           -0.86121
  23       57.69       285.2172       12.8395       272.3776661           -0.66626
  22       68.43       285.5473       13.7840       271.7633155           -0.48296
  21       81.20       285.9613       14.7195       271.2417771           -0.34462
  20       96.49       286.4865       15.6607       270.8258203           -0.22958
  19      114.6        287.2992       16.8018       270.4974850           -0.15331
  18      136.5        288.3477       18.1439       270.2037750           -0.11294
  17      162.9        289.8623       19.9266       269.9356896           -0.08569
  16      196.4        292.8842       23.6944       269.1897179           -0.18777
  15      218.7        295.3450       28.7747       266.5702183           -0.99453
  14      243.0        298.3137       36.5680       261.7457050           -1.67330
  13      269.0        301.9065       46.9738       254.9326721           -2.21012
  12      297.5        306.2528       58.9023       247.3504992           -2.24879
  11      328.5        311.2445       71.0931       240.1514095           -1.95741
  10      361.9        316.9254       84.0737       232.8516538           -1.84691
   9      398.1        323.3002       98.2177       225.0824255           -1.81006
   8      437.6        330.4587      113.8207       216.6380038           -1.80547
   7      480.5        338.3000      130.8004       207.4996070           -1.79475
   6      533.0        347.8242      151.7608       196.0634107           -1.83972
   5      589.8        358.3429      175.0246       183.3183222           -1.89179
   4      651.6        370.3257      201.6386       168.6871066           -2.00086
   3      718.7        383.7407      230.1382       153.6025000           -1.89572
   2      792.3        398.4625      260.7474       137.7150574           -1.82211
   1      891.5        415.8801      299.4223       116.4578352           -1.80889
   0     1013.0        453.6771      348.5429       105.1341595           -0.78626

 Wavenumbers:   10.0 -  350.0 cm-1, ATM      1
 LEVEL    PRESSURE   UPWARD FLUX   DOWNWARD FLUX    NET FLUX       HEATING RATE
             mb          W/m2          W/m2           W/m2          degree/day
  51         .06700     35.5149        0.0000        35.5149429            0.00000
  50         .07753     35.5154        0.0038        35.5115950           -2.68338
  49         .09103     35.5158        0.0061        35.5097713           -1.13985
  48        0.1069      35.5163        0.0085        35.5078628           -1.01592
  47        0.1255      35.5169        0.0112        35.5056922           -0.98405
  46        0.1487      35.5175        0.0144        35.5030525           -0.96221
  45        0.1794      35.5182        0.0183        35.4998920           -0.86764
  44        0.2165      35.5189        0.0221        35.4967899           -0.70567
  43        0.2613      35.5195        0.0258        35.4937727           -0.56873
  42        0.3336      35.5203        0.0306        35.4897912           -0.46421
  41        0.4307      35.5211        0.0358        35.4852816           -0.39210
  40        0.5894      35.5214        0.0444        35.4770026           -0.44027
  39        1.339       35.5166        0.0955        35.4211281           -0.62904
  38        1.782       35.5109        0.1270        35.3839386           -0.70803
  37        2.292       35.5046        0.1597        35.3448935           -0.64669
  36        2.964       35.4968        0.1947        35.3021310           -0.53680
  35        3.853       35.4875        0.2305        35.2569719           -0.42857
  34        5.035       35.4762        0.2699        35.2062636           -0.36224
  33        6.613       35.4626        0.3219        35.1407107           -0.35045
  32        8.786       35.4463        0.3979        35.0483503           -0.35869
  31       11.80        35.4268        0.5109        34.9158955           -0.37083
  30       15.07        35.4090        0.6276        34.7814326           -0.34716
  29       18.79        35.3927        0.7523        34.6403970           -0.31977
  28       23.16        35.3782        0.8968        34.4814026           -0.30744
  27       28.12        35.3638        1.0638        34.2999810           -0.30840
  26       33.73        35.3503        1.2481        34.1022377           -0.29731
  25       40.54        35.3363        1.4615        33.8747792           -0.28219
  24       48.69        35.3226        1.6950        33.6275909           -0.25580
  23       57.69        35.3114        1.9267        33.3847020           -0.22767
  22       68.43        35.3033        2.1756        33.1277066           -0.20203
  21       81.20        35.3017        2.4484        32.8532578           -0.18135
  20       96.49        35.3118        2.7614        32.5503508           -0.16718
  19      114.6         35.3374        3.1589        32.1785141           -0.17362
  18      136.5         35.3767        3.6902        31.6865153           -0.18919
  17      162.9         35.4583        4.5783        30.8799946           -0.25780
  16      196.4         35.7492        6.5995        29.1496425           -0.43555
  15      218.7         36.1013        9.3903        26.7110079           -0.92586
  14      243.0         36.6275       13.7864        22.8411440           -1.34220
  13      269.0         37.3503       19.5865        17.7637689           -1.64708
  12      297.5         38.2641       25.3743        12.8897295           -1.44559
  11      328.5         39.2913       30.1605         9.1307560           -1.02205
  10      361.9         40.4153       34.3357         6.0796800           -0.77195
   9      398.1         41.6110       37.9989         3.6120384           -0.57491
   8      437.6         42.8735       41.0385         1.8350239           -0.37994
   7      480.5         44.1717       43.3675         0.8042040           -0.20245
   6      533.0         45.6079       45.2803         0.3276100           -0.07667
   5      589.8         47.0626       46.8912         0.1714465           -0.02318
   4      651.6         48.5495       48.4546         0.0948567           -0.01047
   3      718.7         50.0560       50.0017         0.0543331           -0.00509
   2      792.3         51.5742       51.5458         0.0284187           -0.00297
   1      891.5         53.0588       53.0461         0.0127093           -0.00134
   0     1013.0         56.2591       54.6426         1.6165891            0.11137

 Wavenumbers:  350.0 -  500.0 cm-1, ATM      1
 LEVEL    PRESSURE   UPWARD FLUX   DOWNWARD FLUX    NET FLUX       HEATING RATE
             mb          W/m2          W/m2           W/m2          degree/day
  51         .06700     42.7516        0.0000        42.7516266            0.00000
  50         .07753     42.7517        0.0002        42.7515696           -0.04573
  49         .09103     42.7518        0.0004        42.7514648           -0.06551
  48        0.1069      42.7520        0.0007        42.7512965           -0.08960
  47        0.1255      42.7522        0.0011        42.7510381           -0.11713
  46        0.1487      42.7524        0.0017        42.7506151           -0.15421
  45        0.1794      42.7526        0.0027        42.7499051           -0.19489
  44        0.2165      42.7529        0.0040        42.7488941           -0.23000
  43        0.2613      42.7532        0.0057        42.7474884           -0.26496
  42        0.3336      42.7535        0.0087        42.7448496           -0.30766
  41        0.4307      42.7539        0.0127        42.7411635           -0.32049
  40        0.5894      42.7540        0.0189        42.7351617           -0.31917
  39        1.339       42.7515        0.0357        42.7158391           -0.21754
  38        1.782       42.7490        0.0399        42.7091763           -0.12685
  37        2.292       42.7466        0.0430        42.7035643           -0.09295
  36        2.964       42.7439        0.0466        42.6973053           -0.07857
  35        3.853       42.7409        0.0513        42.6895873           -0.07324
  34        5.035       42.7376        0.0579        42.6797063           -0.07059
  33        6.613       42.7338        0.0668        42.6669877           -0.06799
  32        8.786       42.7297        0.0787        42.6509095           -0.06244
  31       11.80        42.7250        0.0948        42.6302237           -0.05791
  30       15.07        42.7210        0.1103        42.6106511           -0.05053
  29       18.79        42.7174        0.1256        42.5918006           -0.04274
  28       23.16        42.7143        0.1415        42.5727511           -0.03684
  27       28.12        42.7111        0.1580        42.5531609           -0.03330
  26       33.73        42.7081        0.1746        42.5335509           -0.02948
  25       40.54        42.7049        0.1930        42.5119135           -0.02684
  24       48.69        42.7015        0.2132        42.4883653           -0.02437
  23       57.69        42.6984        0.2342        42.4641957           -0.02266
  22       68.43        42.6951        0.2583        42.4368458           -0.02150
  21       81.20        42.6916        0.2868        42.4047661           -0.02120
  20       96.49        42.6853        0.3217        42.3635759           -0.02273
  19      114.6         42.6911        0.3558        42.3353598           -0.01317
  18      136.5         42.6998        0.4078        42.2920707           -0.01665
  17      162.9         42.7178        0.5015        42.2163371           -0.02421
  16      196.4         42.7774        0.7544        42.0229612           -0.04868
  15      218.7         42.8649        1.2557        41.6092141           -0.15708
  14      243.0         43.0265        2.2552        40.7713279           -0.29061
  13      269.0         43.2985        3.7481        39.5504297           -0.39605
  12      297.5         43.7176        5.9460        37.7716130           -0.52758
  11      328.5         44.2620        8.5981        35.6639254           -0.57307
  10      361.9         44.9403       11.6914        33.2488751           -0.61103
   9      398.1         45.7567       15.3594        30.3973239           -0.66435
   8      437.6         46.7320       19.8035        26.9285298           -0.74165
   7      480.5         47.8386       24.9470        22.8916358           -0.79283
   6      533.0         49.2216       31.4911        17.7305150           -0.83026
   5      589.8         50.7650       38.4645        12.3005169           -0.80599
   4      651.6         52.5367       45.5405         6.9961471           -0.72539
   3      718.7         54.4792       51.3398         3.1394054           -0.48469
   2      792.3         56.5252       55.4700         1.0552072           -0.23903
   1      891.5         58.6813       58.3783         0.3030522           -0.06400
   0     1013.0         63.4938       60.9178         2.5760309            0.15782

 Wavenumbers:  500.0 -  630.0 cm-1, ATM      1
 LEVEL    PRESSURE   UPWARD FLUX   DOWNWARD FLUX    NET FLUX       HEATING RATE
             mb          W/m2          W/m2           W/m2          degree/day
  51         .06700     39.9791        0.0000        39.9790523            0.00000
  50         .07753     39.9796        0.0011        39.9784823           -0.45684
  49         .09103     39.9803        0.0026        39.9776549           -0.51716
  48        0.1069      39.9810        0.0044        39.9765731           -0.57584
  47        0.1255      39.9818        0.0066        39.9751807           -0.63124
  46        0.1487      39.9827        0.0095        39.9732435           -0.70613
  45        0.1794      39.9838        0.0133        39.9705276           -0.74558
  44        0.2165      39.9850        0.0178        39.9672628           -0.74269
  43        0.2613      39.9862        0.0229        39.9632780           -0.75112
  42        0.3336      39.9875        0.0309        39.9566390           -0.77404
  41        0.4307      39.9887        0.0407        39.9479843           -0.75251
  40        0.5894      39.9888        0.0559        39.9329160           -0.80132
  39        1.339       39.9765        0.1155        39.8610051           -0.80959
  38        1.782       39.9655        0.1394        39.8260334           -0.66580
  37        2.292       39.9544        0.1602        39.7942364           -0.52664
  36        2.964       39.9421        0.1822        39.7599289           -0.43066
  35        3.853       39.9285        0.2075        39.7209738           -0.36969
  34        5.035       39.9133        0.2375        39.6758182           -0.32257
  33        6.613       39.8967        0.2731        39.6235405           -0.27948
  32        8.786       39.8787        0.3150        39.5636674           -0.23253
  31       11.80        39.8594        0.3668        39.4925554           -0.19909
  30       15.07        39.8436        0.4163        39.4272850           -0.16852
  29       18.79        39.8309        0.4669        39.3639734           -0.14355
  28       23.16        39.8213        0.5231        39.2982517           -0.12708
  27       28.12        39.8135        0.5855        39.2279722           -0.11947
  26       33.73        39.8078        0.6531        39.1546896           -0.11018
  25       40.54        39.8040        0.7331        39.0709662           -0.10387
  24       48.69        39.8036        0.8259        38.9777167           -0.09650
  23       57.69        39.8083        0.9246        38.8836444           -0.08818
  22       68.43        39.8208        1.0378        38.7830173           -0.07911
  21       81.20        39.8464        1.1670        38.6794351           -0.06845
  20       96.49        39.8944        1.3129        38.5815069           -0.05405
  19      114.6         39.9718        1.4953        38.4764841           -0.04904
  18      136.5         40.0816        1.7049        38.3767190           -0.03836
  17      162.9         40.2481        1.9475        38.3005869           -0.02433
  16      196.4         40.5580        2.3013        38.2566487           -0.01106
  15      218.7         40.7999        2.6522        38.1477643           -0.04134
  14      243.0         41.0960        3.1664        37.9296619           -0.07565
  13      269.0         41.4622        3.9012        37.5610359           -0.11958
  12      297.5         41.9336        4.9277        37.0059131           -0.16464
  11      328.5         42.4873        6.2656        36.2216779           -0.21323
  10      361.9         43.1341        7.9629        35.1711673           -0.26579
   9      398.1         43.8837       10.0943        33.7894509           -0.32191
   8      437.6         44.7527       12.7791        31.9735392           -0.38825
   7      480.5         45.7318       16.0780        29.6537750           -0.45559
   6      533.0         46.9745       20.6676        26.3069407           -0.53840
   5      589.8         48.3877       26.2696        22.1180663           -0.62177
   4      651.6         50.0560       33.2477        16.8082832           -0.72613
   3      718.7         51.9406       40.8964        11.0441735           -0.72439
   2      792.3         53.9589       48.2607         5.6982465           -0.61312
   1      891.5         56.2925       54.5397         1.7527834           -0.33574
   0     1013.0         61.7126       58.3527         3.3599038            0.11159

 Wavenumbers:  630.0 -  700.0 cm-1, ATM      1
 LEVEL    PRESSURE   UPWARD FLUX   DOWNWARD FLUX    NET FLUX       HEATING RATE
             mb          W/m2          W/m2           W/m2          degree/day
  51         .06700     12.0419        0.0000        12.0419118            0.00000
  50         .07753     12.0480        0.0298        12.0182308          -18.98073
  49         .09103     12.0555        0.0430        12.0124246           -3.62905
  48        0.1069      12.0635        0.0581        12.0054513           -3.71189
  47        0.1255      12.0722        0.0752        11.9969838           -3.83876
  46        0.1487      12.0818        0.0963        11.9855183           -4.17927
  45        0.1794      12.0934        0.1235        11.9699013           -4.28725
  44        0.2165      12.1057        0.1548        11.9508490           -4.33406
  43        0.2613      12.1179        0.1915        11.9263172           -4.62415
  42        0.3336      12.1325        0.2501        11.8824622           -5.11306
  41        0.4307      12.1462        0.3250        11.8211684           -5.32936
  40        0.5894      12.1519        0.4445        11.7073966           -6.05024
  39        1.339       12.0683        0.9445        11.1237493           -6.57081
  38        1.782       11.9736        1.1701        10.8034825           -6.09736
  37        2.292       11.8740        1.3762        10.4978242           -5.06250
  36        2.964       11.7602        1.5848        10.1753541           -4.04797
  35        3.853       11.6292        1.7947         9.8344640           -3.23511
  34        5.035       11.4794        2.0249         9.4544503           -2.71466
  33        6.613       11.3089        2.3123         8.9965739           -2.44781
  32        8.786       11.1172        2.6739         8.4433560           -2.14850
  31       11.80        10.9032        3.1238         7.7794840           -1.85863
  30       15.07        10.7172        3.5310         7.1861945           -1.53176
  29       18.79        10.5527        3.9284         6.6243604           -1.27385
  28       23.16        10.4173        4.3594         6.0578595           -1.09543
  27       28.12        10.2865        4.8106         5.4758974           -0.98930
  26       33.73        10.1652        5.2630         4.9022454           -0.86250
  25       40.54        10.0340        5.7459         4.2881061           -0.76191
  24       48.69         9.8939        6.2328         3.6611127           -0.64884
  23       57.69         9.7583        6.6671         3.0911249           -0.53428
  22       68.43         9.6201        7.0625         2.5576503           -0.41938
  21       81.20         9.5064        7.4119         2.0945105           -0.30604
  20       96.49         9.4466        7.7074         1.7391817           -0.19612
  19      114.6          9.4859        8.0323         1.4535979           -0.13335
  18      136.5          9.5609        8.3450         1.2159722           -0.09137
  17      162.9          9.7628        8.6177         1.1450849           -0.02266
  16      196.4         10.7306        9.2962         1.4344329            0.07283
  15      218.7         11.5738       10.1744         1.3993742           -0.01331
  14      243.0         12.4798       11.1775         1.3022192           -0.03370
  13      269.0         13.4412       12.2811         1.1601381           -0.04609
  12      297.5         14.4493       13.4443         1.0050021           -0.04601
  11      328.5         15.5089       14.6434         0.8655294           -0.03792
  10      361.9         16.6302       15.8865         0.7437029           -0.03082
   9      398.1         17.8007       17.1634         0.6372896           -0.02479
   8      437.6         19.0195       18.4728         0.5466585           -0.01938
   7      480.5         20.2739       19.8152         0.4586942           -0.01728
   6      533.0         21.6735       21.3018         0.3716589           -0.01400
   5      589.8         23.1119       22.7975         0.3143943           -0.00850
   4      651.6         24.6003       24.3343         0.2659571           -0.00662
   3      718.7         26.1367       25.9125         0.2241115           -0.00526
   2      792.3         27.7014       27.5327         0.1686720           -0.00636
   1      891.5         29.2762       29.1648         0.1113706           -0.00488
   0     1013.0         32.7467       30.9182         1.8284666            0.11923

 Wavenumbers:  700.0 -  820.0 cm-1, ATM      1
 LEVEL    PRESSURE   UPWARD FLUX   DOWNWARD FLUX    NET FLUX       HEATING RATE
             mb          W/m2          W/m2           W/m2          degree/day
  51         .06700     35.4526        0.0000        35.4525727            0.00000
  50         .07753     35.4534        0.0015        35.4518654           -0.56689
  49         .09103     35.4544        0.0034        35.4510477           -0.51111
  48        0.1069      35.4556        0.0055        35.4500738           -0.51842
  47        0.1255      35.4568        0.0080        35.4488007           -0.57714
  46        0.1487      35.4583        0.0114        35.4469061           -0.69059
  45        0.1794      35.4602        0.0161        35.4441199           -0.76489
  44        0.2165      35.4622        0.0216        35.4405652           -0.80863
  43        0.2613      35.4641        0.0282        35.4359292           -0.87387
  42        0.3336      35.4665        0.0389        35.4276335           -0.96720
  41        0.4307      35.4686        0.0524        35.4161992           -0.99419
  40        0.5894      35.4691        0.0735        35.3955973           -1.09558
  39        1.339       35.4488        0.1503        35.2984499           -1.09370
  38        1.782       35.4291        0.1819        35.2472870           -0.97406
  37        2.292       35.4090        0.2123        35.1966515           -0.83866
  36        2.964       35.3860        0.2488        35.1371672           -0.74671
  35        3.853       35.3598        0.2936        35.0662017           -0.67348
  34        5.035       35.3305        0.3469        34.9836287           -0.58987
  33        6.613       35.2988        0.4083        34.8904859           -0.49794
  32        8.786       35.2664        0.4779        34.7885024           -0.39607
  31       11.80        35.2346        0.5604        34.6741493           -0.32015
  30       15.07        35.2117        0.6348        34.5769515           -0.25095
  29       18.79        35.1965        0.7066        34.4899251           -0.19732
  28       23.16        35.1891        0.7822        34.4068934           -0.16056
  27       28.12        35.1870        0.8622        34.3247788           -0.13959
  26       33.73        35.1901        0.9437        34.2464325           -0.11780
  25       40.54        35.1980        1.0333        34.1646197           -0.10150
  24       48.69        35.2130        1.1296        34.0834413           -0.08401
  23       57.69        35.2355        1.2226        34.0128649           -0.06615
  22       68.43        35.2690        1.3180        33.9510405           -0.04860
  21       81.20        35.3172        1.4137        33.9035215           -0.03140
  20       96.49        35.3919        1.5110        33.8809352           -0.01247
  19      114.6         35.4895        1.6378        33.8517050           -0.01365
  18      136.5         35.6233        1.7843        33.8390266           -0.00488
  17      162.9         35.8250        1.9590        33.8659746            0.00861
  16      196.4         36.2064        2.2340        33.9724369            0.02680
  15      218.7         36.4988        2.5215        33.9772979            0.00185
  14      243.0         36.8351        2.9096        33.9255897           -0.01793
  13      269.0         37.2166        3.3994        33.8172276           -0.03515
  12      297.5         37.6507        4.0067        33.6440725           -0.05136
  11      328.5         38.1392        4.7362        33.4030588           -0.06553
  10      361.9         38.6895        5.6088        33.0806583           -0.08157
   9      398.1         39.2999        6.6347        32.6651974           -0.09679
   8      437.6         39.9775        7.8400        32.1375451           -0.11282
   7      480.5         40.7138        9.2388        31.4749396           -0.13013
   6      533.0         41.6220       11.0872        30.5348787           -0.15123
   5      589.8         42.6255       13.2494        29.3761200           -0.17200
   4      651.6         43.7710       15.9247        27.8463501           -0.20920
   3      718.7         45.0659       19.3006        25.7653252           -0.26153
   2      792.3         46.4721       23.7725        22.6996305           -0.35160
   1      891.5         48.3304       30.9916        17.3388432           -0.45618
   0     1013.0         52.1837       40.2592        11.9244774           -0.37595

 Wavenumbers:  820.0 -  980.0 cm-1, ATM      1
 LEVEL    PRESSURE   UPWARD FLUX   DOWNWARD FLUX    NET FLUX       HEATING RATE
             mb          W/m2          W/m2           W/m2          degree/day
  51         .06700     53.0721        0.0000        53.0720586            0.00000
  50         .07753     53.0721        0.0000        53.0720586            0.00000
  49         .09103     53.0721        0.0000        53.0720586            0.00000
  48        0.1069      53.0721        0.0000        53.0720586            0.00000
  47        0.1255      53.0721        0.0000        53.0720586            0.00000
  46        0.1487      53.0721        0.0000        53.0720586            0.00000
  45        0.1794      53.0721        0.0000        53.0720586            0.00000
  44        0.2165      53.0721        0.0000        53.0720586            0.00000
  43        0.2613      53.0721        0.0000        53.0720586            0.00000
  42        0.3336      53.0721        0.0000        53.0720586            0.00000
  41        0.4307      53.0721        0.0000        53.0720586            0.00000
  40        0.5894      53.0721        0.0000        53.0720586            0.00000
  39        1.339       53.0721        0.0000        53.0720586            0.00000
  38        1.782       53.0721        0.0000        53.0720586            0.00000
  37        2.292       53.0721        0.0000        53.0720586            0.00000
  36        2.964       53.0721        0.0000        53.0720586            0.00000
  35        3.853       53.0721        0.0000        53.0720586            0.00000
  34        5.035       53.0721        0.0000        53.0720586            0.00000
  33        6.613       53.0721        0.0000        53.0720586            0.00000
  32        8.786       53.0721        0.0000        53.0720586            0.00000
  31       11.80        53.0721        0.0000        53.0720586            0.00000
  30       15.07        53.0721        0.0000        53.0720586            0.00000
  29       18.79        53.0721        0.0000        53.0720586            0.00000
  28       23.16        53.0721        0.0000        53.0720586            0.00000
  27       28.12        53.0721        0.0000        53.0720586            0.00000
  26       33.73        53.0721        0.0000        53.0720586            0.00000
  25       40.54        53.0721        0.0000        53.0720586            0.00000
  24       48.69        53.0721        0.0000        53.0720586            0.00000
  23       57.69        53.0721        0.0000        53.0720586            0.00000
  22       68.43        53.0721        0.0000        53.0720586            0.00000
  21       81.20        53.0721        0.0000        53.0720586            0.00000
  20       96.49        53.0721        0.0000        53.0720586            0.00000
  19      114.6         53.0766        0.0012        53.0754199            0.00157
  18      136.5         53.0821        0.0027        53.0794180            0.00154
  17      162.9         53.0886        0.0044        53.0842083            0.00153
  16      196.4         53.0973        0.0068        53.0905286            0.00159
  15      218.7         53.1039        0.0090        53.0949078            0.00166
  14      243.0         53.1121        0.0122        53.0998854            0.00173
  13      269.0         53.1227        0.0173        53.1054501            0.00181
  12      297.5         53.1373        0.0258        53.1115068            0.00180
  11      328.5         53.1565        0.0395        53.1170349            0.00150
  10      361.9         53.1822        0.0618        53.1204386            0.00086
   9      398.1         53.2168        0.0983        53.1184924           -0.00045
   8      437.6         53.2649        0.1599        53.1049705           -0.00289
   7      480.5         53.3303        0.2611        53.0691628           -0.00703
   6      533.0         53.4351        0.4574        52.9777447           -0.01471
   5      589.8         53.5905        0.8086        52.7818863           -0.02907
   4      651.6         53.8509        1.5197        52.3311589           -0.06164
   3      718.7         54.2594        2.8974        51.3620176           -0.12179
   2      792.3         54.8888        5.6148        49.2740479           -0.23947
   1      891.5         56.0996       12.2702        43.8293575           -0.46332
   0     1013.0         58.2093       24.8192        33.3901574           -0.72485

 Wavenumbers:  980.0 - 1080.0 cm-1, ATM      1
 LEVEL    PRESSURE   UPWARD FLUX   DOWNWARD FLUX    NET FLUX       HEATING RATE
             mb          W/m2          W/m2           W/m2          degree/day
  51         .06700     18.7731        0.0000        18.7730753            0.00000
  50         .07753     18.7733        0.0001        18.7732125            0.10991
  49         .09103     18.7737        0.0003        18.7733603            0.09240
  48        0.1069      18.7741        0.0006        18.7734790            0.06319
  47        0.1255      18.7746        0.0011        18.7735222            0.01958
  46        0.1487      18.7753        0.0019        18.7733963           -0.04589
  45        0.1794      18.7761        0.0032        18.7729044           -0.13504
  44        0.2165      18.7771        0.0053        18.7717990           -0.25146
  43        0.2613      18.7780        0.0083        18.7696680           -0.40168
  42        0.3336      18.7791        0.0148        18.7643125           -0.62441
  41        0.4307      18.7796        0.0253        18.7543534           -0.86592
  40        0.5894      18.7782        0.0467        18.7314331           -1.21887
  39        1.339       18.7419        0.1897        18.5522079           -2.01775
  38        1.782       18.7094        0.2725        18.4368156           -2.19688
  37        2.292       18.6736        0.3510        18.3225561           -1.89244
  36        2.964       18.6307        0.4347        18.1959556           -1.58922
  35        3.853       18.5811        0.5290        18.0520915           -1.36530
  34        5.035       18.5290        0.6368        17.8922390           -1.14192
  33        6.613       18.4814        0.7532        17.7281538           -0.87720
  32        8.786       18.4495        0.8677        17.5817273           -0.56867
  31       11.80        18.4486        0.9815        17.4671172           -0.32087
  30       15.07        18.4824        1.0712        17.4112135           -0.14433
  29       18.79        18.5544        1.1507        17.4036843           -0.01707
  28       23.16        18.6704        1.2304        17.4400109            0.07024
  27       28.12        18.8263        1.3099        17.5163963            0.12985
  26       33.73        19.0144        1.3812        17.6332528            0.17570
  25       40.54        19.2493        1.4479        17.8014030            0.20861
  24       48.69        19.5457        1.5082        18.0374645            0.24429
  23       57.69        19.8813        1.5564        18.3249342            0.26946
  22       68.43        20.2828        1.5962        18.6866173            0.28433
  21       81.20        20.7054        1.6249        19.0805379            0.26030
  20       96.49        21.1190        1.6445        19.4745028            0.21744
  19      114.6         21.5899        1.6635        19.9264555            0.21103
  18      136.5         22.1481        1.6877        20.4604378            0.20533
  17      162.9         22.8224        1.7163        21.1061844            0.20641
  16      196.4         23.5402        1.7537        21.7865296            0.17125
  15      218.7         23.9208        1.7932        22.1275123            0.12946
  14      243.0         24.2846        1.8480        22.4366253            0.10721
  13      269.0         24.6193        1.9148        22.7044908            0.08689
  12      297.5         24.9185        1.9912        22.9273799            0.06611
  11      328.5         25.2062        2.0824        23.1238182            0.05341
  10      361.9         25.4791        2.1887        23.2903870            0.04214
   9      398.1         25.7361        2.3112        23.4249232            0.03134
   8      437.6         25.9813        2.4538        23.5275206            0.02194
   7      480.5         26.2127        2.6186        23.5940722            0.01307
   6      533.0         26.4647        2.8420        23.6226981            0.00461
   5      589.8         26.7141        3.1211        23.5929923           -0.00441
   4      651.6         26.9804        3.5060        23.4743457           -0.01623
   3      718.7         27.2786        4.0742        23.2043273           -0.03393
   2      792.3         27.6350        5.0008        22.6341849           -0.06539
   1      891.5         28.2033        7.0755        21.1277759           -0.12819
   0     1013.0         29.0329       11.1207        17.9121890           -0.22327

 Wavenumbers: 1080.0 - 1180.0 cm-1, ATM      1
 LEVEL    PRESSURE   UPWARD FLUX   DOWNWARD FLUX    NET FLUX       HEATING RATE
             mb          W/m2          W/m2           W/m2          degree/day
  51         .06700     20.7604        0.0000        20.7604162            0.00000
  50         .07753     20.7604        0.0000        20.7604173            0.00090
  49         .09103     20.7604        0.0000        20.7604182            0.00056
  48        0.1069      20.7604        0.0000        20.7604182            0.00002
  47        0.1255      20.7604        0.0000        20.7604165           -0.00077
  46        0.1487      20.7604        0.0000        20.7604110           -0.00202
  45        0.1794      20.7604        0.0000        20.7603973           -0.00374
  44        0.2165      20.7605        0.0001        20.7603711           -0.00596
  43        0.2613      20.7605        0.0001        20.7603239           -0.00891
  42        0.3336      20.7605        0.0002        20.7602080           -0.01350
  41        0.4307      20.7604        0.0004        20.7599918           -0.01880
  40        0.5894      20.7603        0.0008        20.7594834           -0.02703
  39        1.339       20.7592        0.0043        20.7549909           -0.05058
  38        1.782       20.7585        0.0069        20.7515840           -0.06486
  37        2.292       20.7578        0.0102        20.7475808           -0.06630
  36        2.964       20.7572        0.0148        20.7424381           -0.06456
  35        3.853       20.7572        0.0209        20.7362443           -0.05878
  34        5.035       20.7584        0.0287        20.7297290           -0.04654
  33        6.613       20.7618        0.0376        20.7241697           -0.02972
  32        8.786       20.7685        0.0472        20.7212289           -0.01142
  31       11.80        20.7802        0.0576        20.7225895            0.00381
  30       15.07        20.7941        0.0662        20.7279489            0.01384
  29       18.79        20.8107        0.0739        20.7368594            0.02020
  28       23.16        20.8304        0.0812        20.7491204            0.02371
  27       28.12        20.8522        0.0883        20.7639241            0.02517
  26       33.73        20.8745        0.0947        20.7798820            0.02399
  25       40.54        20.8983        0.1008        20.7975792            0.02196
  24       48.69        20.9237        0.1066        20.8170852            0.02019
  23       57.69        20.9480        0.1117        20.8362718            0.01798
  22       68.43        20.9727        0.1165        20.8562000            0.01567
  21       81.20        20.9954        0.1206        20.8748064            0.01229
  20       96.49        21.0159        0.1241        20.8917423            0.00935
  19      114.6         21.0431        0.1284        20.9147546            0.01075
  18      136.5         21.0720        0.1328        20.9391482            0.00938
  17      162.9         21.1031        0.1376        20.9655153            0.00843
  16      196.4         21.1363        0.1430        20.9933696            0.00701
  15      218.7         21.1555        0.1468        21.0087559            0.00584
  14      243.0         21.1756        0.1516        21.0240134            0.00529
  13      269.0         21.1971        0.1579        21.0391329            0.00490
  12      297.5         21.2211        0.1670        21.0541088            0.00444
  11      328.5         21.2486        0.1804        21.0681880            0.00383
  10      361.9         21.2807        0.2006        21.0800157            0.00299
   9      398.1         21.3187        0.2315        21.0872447            0.00168
   8      437.6         21.3654        0.2794        21.0859976           -0.00027
   7      480.5         21.4222        0.3520        21.0701925           -0.00310
   6      533.0         21.5035        0.4799        21.0236062           -0.00749
   5      589.8         21.6101        0.6838        20.9263556           -0.01444
   4      651.6         21.7637        1.0319        20.7317982           -0.02661
   3      718.7         21.9771        1.5925        20.3846372           -0.04363
   2      792.3         22.2697        2.5066        19.7630857           -0.07128
   1      891.5         22.7673        4.4196        18.3477278           -0.12044
   0     1013.0         23.6378        7.8983        15.7394678           -0.18110

 Wavenumbers: 1180.0 - 1390.0 cm-1, ATM      1
 LEVEL    PRESSURE   UPWARD FLUX   DOWNWARD FLUX    NET FLUX       HEATING RATE
             mb          W/m2          W/m2           W/m2          degree/day
  51         .06700     18.9413        0.0000        18.9412514            0.00000
  50         .07753     18.9413        0.0000        18.9412516            0.00020
  49         .09103     18.9413        0.0000        18.9412496           -0.00130
  48        0.1069      18.9413        0.0000        18.9412439           -0.00302
  47        0.1255      18.9413        0.0000        18.9412331           -0.00489
  46        0.1487      18.9413        0.0001        18.9412133           -0.00723
  45        0.1794      18.9413        0.0001        18.9411773           -0.00989
  44        0.2165      18.9413        0.0001        18.9411225           -0.01246
  43        0.2613      18.9412        0.0002        18.9410417           -0.01522
  42        0.3336      18.9412        0.0003        18.9408763           -0.01929
  41        0.4307      18.9411        0.0005        18.9406086           -0.02328
  40        0.5894      18.9409        0.0008        18.9400676           -0.02877
  39        1.339       18.9393        0.0032        18.9361782           -0.04379
  38        1.782       18.9382        0.0049        18.9333363           -0.05410
  37        2.292       18.9370        0.0069        18.9300715           -0.05407
  36        2.964       18.9354        0.0095        18.9259597           -0.05161
  35        3.853       18.9336        0.0127        18.9208985           -0.04803
  34        5.035       18.9314        0.0166        18.9148258           -0.04338
  33        6.613       18.9289        0.0212        18.9077345           -0.03791
  32        8.786       18.9262        0.0265        18.8997268           -0.03110
  31       11.80        18.9231        0.0327        18.8904354           -0.02601
  30       15.07        18.9206        0.0384        18.8821797           -0.02131
  29       18.79        18.9187        0.0441        18.8745568           -0.01728
  28       23.16        18.9172        0.0502        18.8669948           -0.01462
  27       28.12        18.9160        0.0568        18.8591949           -0.01326
  26       33.73        18.9154        0.0644        18.8509847           -0.01234
  25       40.54        18.9153        0.0740        18.8413152           -0.01200
  24       48.69        18.9164        0.0861        18.8302480           -0.01145
  23       57.69        18.9191        0.1000        18.8191259           -0.01043
  22       68.43        18.9250        0.1170        18.8080392           -0.00872
  21       81.20        18.9358        0.1370        18.7988348           -0.00608
  20       96.49        18.9543        0.1599        18.7944101           -0.00244
  19      114.6         19.0041        0.1955        18.8085116            0.00658
  18      136.5         19.0727        0.2379        18.8347660            0.01010
  17      162.9         19.1704        0.2871        18.8833547            0.01553
  16      196.4         19.3283        0.3562        18.9720504            0.02233
  15      218.7         19.4459        0.4264        19.0195182            0.01802
  14      243.0         19.5926        0.5339        19.0587423            0.01360
  13      269.0         19.7851        0.6958        19.0893689            0.00994
  12      297.5         20.0483        0.9359        19.1124231            0.00684
  11      328.5         20.3746        1.2778        19.0967565           -0.00426
  10      361.9         20.7694        1.7464        19.0230193           -0.01866
   9      398.1         21.2439        2.3766        18.8673471           -0.03627
   8      437.6         21.8066        3.2054        18.6011990           -0.05690
   7      480.5         22.4515        4.2547        18.1967841           -0.07943
   6      533.0         23.2903        5.7454        17.5448856           -0.10487
   5      589.8         24.2703        7.5905        16.6798429           -0.12840
   4      651.6         25.4574        9.9064        15.5509551           -0.15438
   3      718.7         26.8491       12.6287        14.2203474           -0.16722
   2      792.3         28.4244       15.8126        12.6118624           -0.18448
   1      891.5         30.4362       20.0574        10.3788456           -0.19002
   0     1013.0         34.7742       25.1415         9.6326578           -0.05181

 Wavenumbers: 1390.0 - 1480.0 cm-1, ATM      1
 LEVEL    PRESSURE   UPWARD FLUX   DOWNWARD FLUX    NET FLUX       HEATING RATE
             mb          W/m2          W/m2           W/m2          degree/day
  51         .06700      2.2823        0.0000         2.2823005            0.00000
  50         .07753      2.2824        0.0000         2.2823385            0.03051
  49         .09103      2.2824        0.0000         2.2823823            0.02733
  48        0.1069       2.2825        0.0001         2.2824252            0.02283
  47        0.1255       2.2826        0.0001         2.2824626            0.01697
  46        0.1487       2.2827        0.0002         2.2824892            0.00970
  45        0.1794       2.2828        0.0003         2.2824919            0.00075
  44        0.2165       2.2829        0.0005         2.2824439           -0.01091
  43        0.2613       2.2831        0.0008         2.2823121           -0.02486
  42        0.3336       2.2832        0.0013         2.2819389           -0.04351
  41        0.4307       2.2833        0.0021         2.2812207           -0.06244
  40        0.5894       2.2832        0.0036         2.2795904           -0.08670
  39        1.339        2.2807        0.0107         2.2700586           -0.10731
  38        1.782        2.2790        0.0132         2.2658772           -0.07961
  37        2.292        2.2775        0.0146         2.2629371           -0.04870
  36        2.964        2.2760        0.0152         2.2608751           -0.02589
  35        3.853        2.2746        0.0149         2.2596638           -0.01150
  34        5.035        2.2731        0.0140         2.2591230           -0.00386
  33        6.613        2.2717        0.0128         2.2589300           -0.00103
  32        8.786        2.2703        0.0116         2.2587415           -0.00073
  31       11.80         2.2690        0.0108         2.2581592           -0.00163
  30       15.07         2.2679        0.0107         2.2571745           -0.00254
  29       18.79         2.2670        0.0110         2.2559953           -0.00267
  28       23.16         2.2663        0.0118         2.2545526           -0.00279
  27       28.12         2.2657        0.0129         2.2527799           -0.00301
  26       33.73         2.2652        0.0143         2.2508436           -0.00291
  25       40.54         2.2646        0.0160         2.2485997           -0.00278
  24       48.69         2.2642        0.0180         2.2461776           -0.00251
  23       57.69         2.2639        0.0200         2.2438425           -0.00219
  22       68.43         2.2638        0.0223         2.2415053           -0.00184
  21       81.20         2.2640        0.0247         2.2392940           -0.00146
  20       96.49         2.2647        0.0274         2.2373227           -0.00109
  19      114.6          2.2660        0.0305         2.2355072           -0.00085
  18      136.5          2.2680        0.0344         2.2336619           -0.00071
  17      162.9          2.2723        0.0402         2.2321071           -0.00050
  16      196.4          2.2872        0.0546         2.2325294            0.00011
  15      218.7          2.3095        0.0876         2.2219867           -0.00400
  14      243.0          2.3521        0.1605         2.1916134           -0.01053
  13      269.0          2.4267        0.3018         2.1248565           -0.02166
  12      297.5          2.5465        0.5163         2.0302460           -0.02806
  11      328.5          2.7092        0.7962         1.9129572           -0.03189
  10      361.9          2.9192        1.1732         1.7459966           -0.04224
   9      398.1          3.1812        1.6551         1.5260642           -0.05124
   8      437.6          3.5033        2.2448         1.2584982           -0.05721
   7      480.5          3.8799        2.9202         0.9597471           -0.05867
   6      533.0          4.3610        3.7317         0.6292688           -0.05316
   5      589.8          4.9123        4.5446         0.3676204           -0.03884
   4      651.6          5.5536        5.3511         0.2024593           -0.02259
   3      718.7          6.2783        6.1562         0.1221837           -0.01009
   2      792.3          7.0799        7.0108         0.0691857           -0.00608
   1      891.5          7.9426        7.9089         0.0337179           -0.00302
   0     1013.0         10.0073        8.9288         1.0784519            0.07254

 Wavenumbers: 1480.0 - 1800.0 cm-1, ATM      1
 LEVEL    PRESSURE   UPWARD FLUX   DOWNWARD FLUX    NET FLUX       HEATING RATE
             mb          W/m2          W/m2           W/m2          degree/day
  51         .06700      2.8569        0.0000         2.8568787            0.00000
  50         .07753      2.8571        0.0001         2.8570594            0.14487
  49         .09103      2.8574        0.0001         2.8572664            0.12935
  48        0.1069       2.8577        0.0003         2.8574715            0.10921
  47        0.1255       2.8581        0.0005         2.8576580            0.08455
  46        0.1487       2.8586        0.0007         2.8578125            0.05630
  45        0.1794       2.8591        0.0012         2.8579050            0.02540
  44        0.2165       2.8597        0.0019         2.8578434           -0.01402
  43        0.2613       2.8603        0.0028         2.8575286           -0.05933
  42        0.3336       2.8611        0.0046         2.8565551           -0.11350
  41        0.4307       2.8618        0.0071         2.8547156           -0.15994
  40        0.5894       2.8622        0.0115         2.8506697           -0.21516
  39        1.339        2.8570        0.0261         2.8309552           -0.22195
  38        1.782        2.8526        0.0291         2.8234808           -0.14230
  37        2.292        2.8485        0.0299         2.8186169           -0.08056
  36        2.964        2.8445        0.0302         2.8143799           -0.05319
  35        3.853        2.8406        0.0306         2.8099673           -0.04188
  34        5.035        2.8367        0.0316         2.8050761           -0.03494
  33        6.613        2.8328        0.0330         2.7997410           -0.02852
  32        8.786        2.8288        0.0345         2.7943475           -0.02095
  31       11.80         2.8249        0.0358         2.7891333           -0.01460
  30       15.07         2.8218        0.0363         2.7854434           -0.00953
  29       18.79         2.8193        0.0365         2.7828137           -0.00596
  28       23.16         2.8173        0.0369         2.7804754           -0.00452
  27       28.12         2.8156        0.0379         2.7776682           -0.00477
  26       33.73         2.8142        0.0398         2.7743747           -0.00495
  25       40.54         2.8129        0.0427         2.7701951           -0.00519
  24       48.69         2.8120        0.0465         2.7654447           -0.00492
  23       57.69         2.8117        0.0509         2.7608079           -0.00435
  22       68.43         2.8122        0.0559         2.7562982           -0.00355
  21       81.20         2.8143        0.0618         2.7524506           -0.00254
  20       96.49         2.8189        0.0687         2.7502178           -0.00123
  19      114.6          2.8252        0.0787         2.7464780           -0.00175
  18      136.5          2.8345        0.0910         2.7434416           -0.00117
  17      162.9          2.8519        0.1100         2.7418660           -0.00050
  16      196.4          2.9047        0.1606         2.7441289            0.00057
  15      218.7          2.9762        0.2715         2.7047152           -0.01496
  14      243.0          3.1020        0.4999         2.6020665           -0.03560
  13      269.0          3.3074        0.8685         2.4389195           -0.05292
  12      297.5          3.6167        1.4152         2.2014311           -0.07044
  11      328.5          4.0200        2.0910         1.9289560           -0.07409
  10      361.9          4.5258        2.8937         1.6320395           -0.07512
   9      398.1          5.1402        3.8251         1.3151142           -0.07384
   8      437.6          5.8785        4.8727         1.0058615           -0.06612
   7      480.5          6.7335        6.0083         0.7251947           -0.05512
   6      533.0          7.8053        7.3392         0.4661471           -0.04167
   5      589.8          9.0270        8.7379         0.2890878           -0.02628
   4      651.6         10.4318       10.2542         0.1775991           -0.01525
   3      718.7         12.0219       11.9075         0.1144061           -0.00794
   2      792.3         13.7988       13.7316         0.0671836           -0.00542
   1      891.5         15.7203       15.6863         0.0339142           -0.00283
   0     1013.0         20.3937       17.9670         2.4267568            0.16615

 Wavenumbers: 1800.0 - 2080.0 cm-1, ATM      1
 LEVEL    PRESSURE   UPWARD FLUX   DOWNWARD FLUX    NET FLUX       HEATING RATE
             mb          W/m2          W/m2           W/m2          degree/day
  51         .06700      2.4853        0.0000         2.4852552            0.00000
  50         .07753      2.4853        0.0000         2.4852552            0.00000
  49         .09103      2.4853        0.0000         2.4852552            0.00000
  48        0.1069       2.4853        0.0000         2.4852552            0.00000
  47        0.1255       2.4853        0.0000         2.4852552            0.00000
  46        0.1487       2.4853        0.0000         2.4852552            0.00000
  45        0.1794       2.4853        0.0000         2.4852552            0.00000
  44        0.2165       2.4853        0.0000         2.4852552            0.00000
  43        0.2613       2.4853        0.0000         2.4852552            0.00000
  42        0.3336       2.4853        0.0000         2.4852552            0.00000
  41        0.4307       2.4853        0.0000         2.4852552            0.00000
  40        0.5894       2.4853        0.0000         2.4852552            0.00000
  39        1.339        2.4853        0.0000         2.4852552            0.00000
  38        1.782        2.4853        0.0000         2.4852552            0.00000
  37        2.292        2.4853        0.0000         2.4852552            0.00000
  36        2.964        2.4853        0.0000         2.4852552            0.00000
  35        3.853        2.4853        0.0000         2.4852552            0.00000
  34        5.035        2.4853        0.0000         2.4852552            0.00000
  33        6.613        2.4853        0.0000         2.4852552            0.00000
  32        8.786        2.4853        0.0000         2.4852552            0.00000
  31       11.80         2.4853        0.0000         2.4852552            0.00000
  30       15.07         2.4853        0.0000         2.4852552            0.00000
  29       18.79         2.4853        0.0000         2.4852552            0.00000
  28       23.16         2.4853        0.0000         2.4852552            0.00000
  27       28.12         2.4853        0.0000         2.4852552            0.00000
  26       33.73         2.4853        0.0000         2.4852552            0.00000
  25       40.54         2.4853        0.0000         2.4852552            0.00000
  24       48.69         2.4853        0.0000         2.4852552            0.00000
  23       57.69         2.4853        0.0000         2.4852552            0.00000
  22       68.43         2.4853        0.0000         2.4852552            0.00000
  21       81.20         2.4853        0.0000         2.4852552            0.00000
  20       96.49         2.4853        0.0000         2.4852552            0.00000
  19      114.6          2.4865        0.0010         2.4854400            0.00009
  18      136.5          2.4882        0.0020         2.4862064            0.00029
  17      162.9          2.4909        0.0032         2.4877043            0.00048
  16      196.4          2.4966        0.0056         2.4909294            0.00081
  15      218.7          2.5031        0.0103         2.4927972            0.00071
  14      243.0          2.5149        0.0208         2.4940207            0.00042
  13      269.0          2.5353        0.0415         2.4937717           -0.00008
  12      297.5          2.5691        0.0735         2.4956302            0.00055
  11      328.5          2.6174        0.1195         2.4978163            0.00059
  10      361.9          2.6833        0.1900         2.4932638           -0.00115
   9      398.1          2.7713        0.2948         2.4764590           -0.00392
   8      437.6          2.8875        0.4444         2.4431871           -0.00711
   7      480.5          3.0340        0.6458         2.3882265           -0.01079
   6      533.0          3.2401        0.9505         2.2895324           -0.01588
   5      589.8          3.4999        1.3597         2.1402181           -0.02216
   4      651.6          3.8386        1.9060         1.9325449           -0.02840
   3      718.7          4.2598        2.5689         1.6908736           -0.03037
   2      792.3          4.7613        3.3646         1.3966755           -0.03374
   1      891.5          5.3996        4.3741         1.0255156           -0.03158
   0     1013.0          6.9527        5.5161         1.4365955            0.02854

 Wavenumbers: 2080.0 - 2250.0 cm-1, ATM      1
 LEVEL    PRESSURE   UPWARD FLUX   DOWNWARD FLUX    NET FLUX       HEATING RATE
             mb          W/m2          W/m2           W/m2          degree/day
  51         .06700      0.9709        0.0000         0.9708893            0.00000
  50         .07753      0.9709        0.0000         0.9708897            0.00034
  49         .09103      0.9709        0.0000         0.9708903            0.00035
  48        0.1069       0.9709        0.0000         0.9708909            0.00034
  47        0.1255       0.9709        0.0000         0.9708916            0.00029
  46        0.1487       0.9709        0.0000         0.9708921            0.00021
  45        0.1794       0.9709        0.0000         0.9708924            0.00007
  44        0.2165       0.9709        0.0000         0.9708916           -0.00019
  43        0.2613       0.9709        0.0000         0.9708886           -0.00057
  42        0.3336       0.9709        0.0000         0.9708783           -0.00120
  41        0.4307       0.9709        0.0000         0.9708549           -0.00203
  40        0.5894       0.9709        0.0001         0.9707904           -0.00343
  39        1.339        0.9707        0.0005         0.9701237           -0.00751
  38        1.782        0.9705        0.0009         0.9696291           -0.00942
  37        2.292        0.9704        0.0013         0.9691054           -0.00867
  36        2.964        0.9704        0.0019         0.9685193           -0.00736
  35        3.853        0.9705        0.0025         0.9679370           -0.00553
  34        5.035        0.9708        0.0033         0.9674984           -0.00313
  33        6.613        0.9716        0.0042         0.9673765           -0.00065
  32        8.786        0.9728        0.0051         0.9677415            0.00142
  31       11.80         0.9747        0.0059         0.9687653            0.00287
  30       15.07         0.9766        0.0065         0.9701131            0.00348
  29       18.79         0.9788        0.0070         0.9717624            0.00374
  28       23.16         0.9812        0.0075         0.9736883            0.00372
  27       28.12         0.9837        0.0079         0.9757729            0.00354
  26       33.73         0.9861        0.0082         0.9778331            0.00310
  25       40.54         0.9885        0.0085         0.9799538            0.00263
  24       48.69         0.9909        0.0088         0.9821348            0.00226
  23       57.69         0.9931        0.0090         0.9841406            0.00188
  22       68.43         0.9952        0.0091         0.9860809            0.00153
  21       81.20         0.9970        0.0092         0.9877293            0.00109
  20       96.49         0.9984        0.0093         0.9890518            0.00073
  19      114.6          1.0022        0.0098         0.9923614            0.00155
  18      136.5          1.0075        0.0101         0.9973180            0.00191
  17      162.9          1.0149        0.0105         1.0044271            0.00227
  16      196.4          1.0270        0.0112         1.0158653            0.00288
  15      218.7          1.0364        0.0124         1.0240189            0.00310
  14      243.0          1.0477        0.0145         1.0332003            0.00318
  13      269.0          1.0614        0.0179         1.0434950            0.00334
  12      297.5          1.0779        0.0229         1.0550220            0.00342
  11      328.5          1.0978        0.0300         1.0678133            0.00348
  10      361.9          1.1214        0.0397         1.0817743            0.00353
   9      398.1          1.1494        0.0528         1.0966158            0.00346
   8      437.6          1.1823        0.0705         1.1118520            0.00326
   7      480.5          1.2205        0.0940         1.1265292            0.00288
   6      533.0          1.2713        0.1296         1.1417543            0.00245
   5      589.8          1.3317        0.1770         1.1546830            0.00192
   4      651.6          1.4041        0.2422         1.1619528            0.00099
   3      718.7          1.4898        0.3318         1.1580474           -0.00049
   2      792.3          1.5874        0.4555         1.1318979           -0.00300
   1      891.5          1.7234        0.6603         1.0631312           -0.00585
   0     1013.0          1.9469        0.9578         0.9890577           -0.00514

 Wavenumbers: 2250.0 - 2380.0 cm-1, ATM      1
 LEVEL    PRESSURE   UPWARD FLUX   DOWNWARD FLUX    NET FLUX       HEATING RATE
             mb          W/m2          W/m2           W/m2          degree/day
  51         .06700      0.0773        0.0000         0.0772800            0.00000
  50         .07753      0.0776        0.0008         0.0767879           -0.39447
  49         .09103      0.0780        0.0012         0.0767455           -0.02647
  48        0.1069       0.0785        0.0017         0.0767833            0.02011
  47        0.1255       0.0792        0.0023         0.0768177            0.01558
  46        0.1487       0.0799        0.0032         0.0767751           -0.01552
  45        0.1794       0.0810        0.0042         0.0767640           -0.00304
  44        0.2165       0.0822        0.0055         0.0767502           -0.00314
  43        0.2613       0.0838        0.0071         0.0766509           -0.01872
  42        0.3336       0.0857        0.0093         0.0763703           -0.03272
  41        0.4307       0.0879        0.0120         0.0759066           -0.04032
  40        0.5894       0.0902        0.0157         0.0745667           -0.07125
  39        1.339        0.0877        0.0252         0.0625258           -0.13556
  38        1.782        0.0806        0.0265         0.0541028           -0.16036
  37        2.292        0.0740        0.0286         0.0454441           -0.14341
  36        2.964        0.0675        0.0319         0.0355473           -0.12423
  35        3.853        0.0609        0.0365         0.0244060           -0.10573
  34        5.035        0.0542        0.0418         0.0124180           -0.08564
  33        6.613        0.0475        0.0469         0.0005841           -0.06326
  32        8.786        0.0410        0.0502        -0.0092320           -0.03812
  31       11.80         0.0347        0.0493        -0.0146510           -0.01517
  30       15.07         0.0300        0.0443        -0.0143012            0.00090
  29       18.79         0.0265        0.0369        -0.0104528            0.00873
  28       23.16         0.0240        0.0299        -0.0059356            0.00873
  27       28.12         0.0219        0.0250        -0.0031393            0.00475
  26       33.73         0.0202        0.0219        -0.0016813            0.00219
  25       40.54         0.0186        0.0196        -0.0010494            0.00078
  24       48.69         0.0169        0.0176        -0.0006963            0.00037
  23       57.69         0.0155        0.0160        -0.0004732            0.00021
  22       68.43         0.0141        0.0145        -0.0003175            0.00012
  21       81.20         0.0130        0.0132        -0.0001943            0.00008
  20       96.49         0.0121        0.0122        -0.0000617            0.00007
  19      114.6          0.0121        0.0121         0.0000000            0.00003
  18      136.5          0.0121        0.0121         0.0000005            0.00000
  17      162.9          0.0122        0.0121         0.0000402            0.00001
  16      196.4          0.0162        0.0159         0.0002678            0.00006
  15      218.7          0.0219        0.0216         0.0003306            0.00002
  14      243.0          0.0294        0.0291         0.0003616            0.00001
  13      269.0          0.0390        0.0386         0.0003928            0.00001
  12      297.5          0.0510        0.0506         0.0004182            0.00001
  11      328.5          0.0660        0.0656         0.0004518            0.00001
  10      361.9          0.0850        0.0845         0.0004850            0.00001
   9      398.1          0.1083        0.1078         0.0005155            0.00001
   8      437.6          0.1369        0.1364         0.0005451            0.00001
   7      480.5          0.1717        0.1712         0.0005559            0.00000
   6      533.0          0.2167        0.2162         0.0005537            0.00000
   5      589.8          0.2706        0.2701         0.0005762            0.00000
   4      651.6          0.3353        0.3347         0.0005964            0.00000
   3      718.7          0.4125        0.4119         0.0006151            0.00000
   2      792.3          0.5039        0.5034         0.0005672           -0.00001
   1      891.5          0.6079        0.6074         0.0004739           -0.00001
   0     1013.0          0.8788        0.7370         0.1418098            0.00981

 Wavenumbers: 2380.0 - 2600.0 cm-1, ATM      1
 LEVEL    PRESSURE   UPWARD FLUX   DOWNWARD FLUX    NET FLUX       HEATING RATE
             mb          W/m2          W/m2           W/m2          degree/day
  51         .06700      0.5779        0.0000         0.5778788            0.00000
  50         .07753      0.5779        0.0000         0.5778788            0.00000
  49         .09103      0.5779        0.0000         0.5778788            0.00000
  48        0.1069       0.5779        0.0000         0.5778788            0.00000
  47        0.1255       0.5779        0.0000         0.5778788            0.00000
  46        0.1487       0.5779        0.0000         0.5778788            0.00000
  45        0.1794       0.5779        0.0000         0.5778788            0.00000
  44        0.2165       0.5779        0.0000         0.5778788            0.00000
  43        0.2613       0.5779        0.0000         0.5778788            0.00000
  42        0.3336       0.5779        0.0000         0.5778788            0.00000
  41        0.4307       0.5779        0.0000         0.5778788            0.00000
  40        0.5894       0.5779        0.0000         0.5778788            0.00000
  39        1.339        0.5779        0.0000         0.5778788            0.00000
  38        1.782        0.5779        0.0000         0.5778788            0.00000
  37        2.292        0.5779        0.0000         0.5778788            0.00000
  36        2.964        0.5779        0.0000         0.5778788            0.00000
  35        3.853        0.5779        0.0000         0.5778788            0.00000
  34        5.035        0.5779        0.0000         0.5778788            0.00000
  33        6.613        0.5779        0.0000         0.5778788            0.00000
  32        8.786        0.5779        0.0000         0.5778788            0.00000
  31       11.80         0.5779        0.0000         0.5778788            0.00000
  30       15.07         0.5779        0.0000         0.5778788            0.00000
  29       18.79         0.5779        0.0000         0.5778788            0.00000
  28       23.16         0.5779        0.0000         0.5778788            0.00000
  27       28.12         0.5779        0.0000         0.5778788            0.00000
  26       33.73         0.5779        0.0000         0.5778788            0.00000
  25       40.54         0.5779        0.0000         0.5778788            0.00000
  24       48.69         0.5779        0.0000         0.5778788            0.00000
  23       57.69         0.5779        0.0000         0.5778788            0.00000
  22       68.43         0.5779        0.0000         0.5778788            0.00000
  21       81.20         0.5779        0.0000         0.5778788            0.00000
  20       96.49         0.5779        0.0000         0.5778788            0.00000
  19      114.6          0.5792        0.0006         0.5786679            0.00037
  18      136.5          0.5811        0.0007         0.5804106            0.00067
  17      162.9          0.5838        0.0008         0.5830707            0.00085
  16      196.4          0.5883        0.0009         0.5873327            0.00107
  15      218.7          0.5917        0.0013         0.5903670            0.00115
  14      243.0          0.5958        0.0019         0.5938731            0.00122
  13      269.0          0.6006        0.0026         0.5979252            0.00131
  12      297.5          0.6063        0.0037         0.6025739            0.00138
  11      328.5          0.6130        0.0051         0.6078663            0.00144
  10      361.9          0.6208        0.0070         0.6137948            0.00150
   9      398.1          0.6298        0.0095         0.6203235            0.00152
   8      437.6          0.6402        0.0129         0.6273708            0.00151
   7      480.5          0.6521        0.0173         0.6347524            0.00145
   6      533.0          0.6673        0.0240         0.6433245            0.00138
   5      589.8          0.6844        0.0329         0.6515749            0.00122
   4      651.6          0.7035        0.0449         0.6586236            0.00096
   3      718.7          0.7242        0.0610         0.6631778            0.00057
   2      792.3          0.7459        0.0827         0.6632643            0.00001
   1      891.5          0.7716        0.1173         0.6543279           -0.00076
   0     1013.0          0.8096        0.1701         0.6394503           -0.00103

 Wavenumbers: 2600.0 - 3250.0 cm-1, ATM      1
 LEVEL    PRESSURE   UPWARD FLUX   DOWNWARD FLUX    NET FLUX       HEATING RATE
             mb          W/m2          W/m2           W/m2          degree/day
  51         .06700      0.4028        0.0000         0.4027978            0.00000
  50         .07753      0.4028        0.0000         0.4027979            0.00001
  49         .09103      0.4028        0.0000         0.4027979            0.00001
  48        0.1069       0.4028        0.0000         0.4027979            0.00000
  47        0.1255       0.4028        0.0000         0.4027979            0.00000
  46        0.1487       0.4028        0.0000         0.4027979           -0.00001
  45        0.1794       0.4028        0.0000         0.4027978           -0.00002
  44        0.2165       0.4028        0.0000         0.4027977           -0.00003
  43        0.2613       0.4028        0.0000         0.4027974           -0.00005
  42        0.3336       0.4028        0.0000         0.4027968           -0.00007
  41        0.4307       0.4028        0.0000         0.4027957           -0.00010
  40        0.5894       0.4028        0.0000         0.4027930           -0.00014
  39        1.339        0.4028        0.0000         0.4027701           -0.00026
  38        1.782        0.4028        0.0000         0.4027546           -0.00029
  37        2.292        0.4028        0.0000         0.4027393           -0.00025
  36        2.964        0.4028        0.0000         0.4027229           -0.00021
  35        3.853        0.4028        0.0001         0.4027061           -0.00016
  34        5.035        0.4028        0.0001         0.4026896           -0.00012
  33        6.613        0.4028        0.0001         0.4026747           -0.00008
  32        8.786        0.4028        0.0001         0.4026631           -0.00004
  31       11.80         0.4028        0.0001         0.4026569           -0.00002
  30       15.07         0.4028        0.0001         0.4026586            0.00000
  29       18.79         0.4028        0.0001         0.4026678            0.00002
  28       23.16         0.4028        0.0001         0.4026850            0.00003
  27       28.12         0.4029        0.0002         0.4027102            0.00004
  26       33.73         0.4029        0.0002         0.4027459            0.00005
  25       40.54         0.4030        0.0002         0.4027995            0.00007
  24       48.69         0.4031        0.0002         0.4028784            0.00008
  23       57.69         0.4032        0.0002         0.4029805            0.00010
  22       68.43         0.4034        0.0002         0.4031187            0.00011
  21       81.20         0.4036        0.0003         0.4033030            0.00012
  20       96.49         0.4038        0.0003         0.4035446            0.00013
  19      114.6          0.4042        0.0003         0.4038617            0.00015
  18      136.5          0.4046        0.0004         0.4042707            0.00016
  17      162.9          0.4052        0.0004         0.4048087            0.00017
  16      196.4          0.4060        0.0005         0.4055907            0.00020
  15      218.7          0.4067        0.0005         0.4061406            0.00021
  14      243.0          0.4074        0.0006         0.4068049            0.00023
  13      269.0          0.4085        0.0008         0.4076524            0.00027
  12      297.5          0.4099        0.0012         0.4087312            0.00032
  11      328.5          0.4117        0.0017         0.4100028            0.00035
  10      361.9          0.4141        0.0026         0.4114302            0.00036
   9      398.1          0.4171        0.0041         0.4129529            0.00035
   8      437.6          0.4210        0.0065         0.4144636            0.00032
   7      480.5          0.4259        0.0102         0.4157243            0.00025
   6      533.0          0.4329        0.0163         0.4166797            0.00015
   5      589.8          0.4421        0.0249         0.4171402            0.00007
   4      651.6          0.4546        0.0372         0.4174683            0.00004
   3      718.7          0.4717        0.0535         0.4182390            0.00010
   2      792.3          0.4934        0.0769         0.4165327           -0.00020
   1      891.5          0.5240        0.1158         0.4082008           -0.00071
   0     1013.0          0.5866        0.1813         0.4052540           -0.00020

  Modules and versions used in this calculation:

       rrtmg_lw.1col.f90:  $Revision: 1.10 $             rrtmg_lw_init.f90:  $Revision: 1.6 $  
     rrtmglw_cldprop.f90:  $Revision: 1.9 $            rrtmglw_cldprmc.f90:  NOT USED          
       rrtmg_lw_rtrn.f90:  NOT USED                    rrtmg_lw_rtrnmr.f90:  $Revision: 1.7 $  
     rrtmg_lw_rtrnmc.f90:  NOT USED                    rrtmglw_setcoef.f90:  $Revision: 1.6 $  
     rrtmg_lw_taumol.f90:  $Revision: 1.8 $                       rrtatm.f:  NOT USED          
              util_xxx.f:  NOT USED                                extra.f:  NOT USED          
        rrtmg_lw_k_g.f90:  $Revision: 1.4 $  
