TAPE5 FOR MLS
0        1         2         3         4         5         6         7         8         9
123456789-123456789-123456789-123456789-123456789-123456789-123456789-123456789-123456789-
$ STANDARD MID-LATITUDE SUMMER ATMOSPHERE
 HI=1 F4=1 CN=1 AE10 EM=0 SC=0 FI=0 PL=0 TS=0 AM=0 MG=1 LA=0    1        00   00  1 0    0   00   00
              0       0.0
           1  0 0.8
 1 51    7  1.000000MIDLATITUDE SUMM H1=    0.00 H2=   70.00 ANG=   0.000 LEN= 0
   952.1147        291.77              3   0.000 1013.00 294.20  1.100  891.46 289.25
  1.5946558E-02  3.5495765E-04  3.1872162E-08  3.2014773E-07  1.4735235E-07  1.7007853E-06  2.0897518E-01  2.0212141E+24
   841.8970        287.03              3                         2.100 792.287 284.60
  1.1230157E-02  3.5495876E-04  3.5456235E-08  3.2014808E-07  1.4203219E-07  1.7007861E-06  2.0897572E-01  1.6594377E+24
   755.3917        282.23              3                         2.900 718.704 279.80
  7.6751928E-03  3.5494528E-04  3.9477314E-08  3.2012952E-07  1.3746356E-07  1.7006882E-06  2.0896780E-01  1.2158148E+24
   685.0609        277.43              3                         3.700 651.552 275.00
  5.2688639E-03  3.5497753E-04  4.3921091E-08  3.2017348E-07  1.3388170E-07  1.7000174E-06  2.0898660E-01  1.1250208E+24
   620.7571        272.63              3                         4.500 589.841 270.20
  3.6297729E-03  3.5498614E-04  4.8850310E-08  3.2020259E-07  1.3135738E-07  1.6967191E-06  2.0899189E-01  1.0383909E+24
   561.5159        267.83              3                         5.300 532.986 265.40
  2.3900282E-03  3.5499220E-04  5.4422610E-08  3.2024920E-07  1.3046302E-07  1.6890905E-06  2.0899543E-01  9.5728074E+23
   506.7787        263.03              3                         6.100 480.526 260.55
  1.7066754E-03  3.5500020E-04  6.1250461E-08  3.2018053E-07  1.2931390E-07  1.6774702E-06  2.0899996E-01  8.8085689E+23
   458.9778        258.30              3                         6.800 437.556 256.00
  1.2718296E-03  3.5500637E-04  6.9855773E-08  3.2015103E-07  1.2701938E-07  1.6625032E-06  2.0900373E-01  7.1067458E+23
   417.8179        253.75              3                         7.500 398.085 251.45
  9.5655693E-04  3.5500794E-04  7.9463597E-08  3.2006952E-07  1.2377659E-07  1.6469684E-06  2.0900458E-01  6.5919029E+23
   379.9846        249.20              3                         8.200 361.862 246.90
  6.9666741E-04  3.5500876E-04  8.9151150E-08  3.1964703E-07  1.1940332E-07  1.6329801E-06  2.0900519E-01  6.1060294E+23
   345.1331        244.65              3                         8.900 328.507 242.35
  5.0829613E-04  3.5501100E-04  1.0168034E-07  3.1794278E-07  1.1352941E-07  1.6223285E-06  2.0900649E-01  5.6462299E+23
   313.0000        240.13              3                         9.600 297.469 237.86
  3.6584702E-04  3.5501071E-04  1.1558580E-07  3.1485408E-07  1.0700342E-07  1.6071415E-06  2.0900634E-01  5.2211246E+23
   283.2681        235.64              3                        10.300 269.015 233.35
  2.4977655E-04  3.5501161E-04  1.3068458E-07  3.0993951E-07  1.0015444E-07  1.5820669E-06  2.0900698E-01  4.8122331E+23
   255.9648        231.10              3                        11.000 243.000 228.80
  1.3636267E-04  3.5500948E-04  1.6048106E-07  3.0289050E-07  9.3152551E-08  1.5562247E-06  2.0900562E-01  4.4374356E+23
   230.7930        226.55              3                        11.700 218.668 224.25
  6.5472166E-05  3.5501219E-04  1.9350828E-07  2.9728139E-07  8.5588468E-08  1.5313253E-06  2.0900711E-01  4.0814444E+23
   207.5901        222.01              3                        12.400 196.440 219.70
  2.8419665E-05  3.5501563E-04  2.2751291E-07  2.9330249E-07  7.7191764E-08  1.5080506E-06  2.0900925E-01  3.7436774E+23
   179.6777        216.81              3                        13.600 162.913 215.74
  9.6973117E-06  3.5500890E-04  3.0428600E-07  2.8654489E-07  6.3881643E-08  1.4806419E-06  2.0900522E-01  5.6808373E+23
   149.8259        215.71              3                        14.700 136.511 215.70
  4.8207025E-06  3.5499944E-04  4.3981947E-07  2.7902988E-07  4.8797485E-08  1.4479623E-06  2.0899965E-01  4.3642727E+23
   125.4670        215.70              3                        15.800 114.564 215.70
  3.4318521E-06  3.5499918E-04  5.2382995E-07  2.6973828E-07  3.7298612E-08  1.4152675E-06  2.0899954E-01  3.6534753E+23
   105.5072        215.70              3                        16.900 96.4903 215.70
  3.2663258E-06  3.5499939E-04  6.3216254E-07  2.5467133E-07  2.8723687E-08  1.3795030E-06  2.0899963E-01  3.0739262E+23
   88.85838        216.18              3                        18.000 81.2000 216.80
  3.1784930E-06  3.5499930E-04  8.2302279E-07  2.3132466E-07  2.2545748E-08  1.3426010E-06  2.0899959E-01  2.5828079E+23
   74.81903        217.39              3                        19.100 68.4286 218.03
  3.1768304E-06  3.5499941E-04  1.2512422E-06  1.9950789E-07  1.7379815E-08  1.3014652E-06  2.0899966E-01  2.1627581E+23
   63.06029        218.72              3                        20.200 57.6936 219.44
  3.2639416E-06  3.5499973E-04  1.8039109E-06  1.6908091E-07  1.4111547E-08  1.2451943E-06  2.0899986E-01  1.8117264E+23
   53.19867        220.08              3                        21.300 48.6904 220.76
  3.4095149E-06  3.5499971E-04  2.2908109E-06  1.3991885E-07  1.2622904E-08  1.1722138E-06  2.0899987E-01  1.5183546E+23
   44.59128        221.46              3                        22.500 40.5354 222.20
  3.5909502E-06  3.5500005E-04  2.8324889E-06  1.1722680E-07  1.2397807E-08  1.0758683E-06  2.0900002E-01  1.3798849E+23
   37.16316        222.88              3                        23.700 33.7330 223.57
  3.8500998E-06  3.5499997E-04  3.4517834E-06  1.0331899E-07  1.3167179E-08  9.6515760E-07  2.0899989E-01  1.1426864E+23
   30.91292        224.24              3                        24.900 28.1201 224.98
  4.0575464E-06  3.5499965E-04  4.2219772E-06  9.4382699E-08  1.4350868E-08  8.5401462E-07  2.0899986E-01  9.4440466E+22
   25.63970        225.81              3                        26.200 23.1557 226.71
  4.2513630E-06  3.5500378E-04  5.0326839E-06  8.7561951E-08  1.5625453E-08  7.7107171E-07  2.0900220E-01  8.4273140E+22
   20.97451        227.61              3                        27.600 18.7914 228.66
  4.3863338E-06  3.5500416E-04  5.6775239E-06  8.2404142E-08  1.6708778E-08  7.2538978E-07  2.0900251E-01  7.3593470E+22
   16.93460        230.17              3                        29.100 15.0693 231.81
  4.5309193E-06  3.5501141E-04  6.3139009E-06  7.5596006E-08  1.8091109E-08  6.8032085E-07  2.0900670E-01  6.2926780E+22
   13.41941        233.52              3                        30.800 11.8006 235.40
  4.6839027E-06  3.5500969E-04  6.9619100E-06  6.6951600E-08  1.9843396E-08  6.3401592E-07  2.0900570E-01  5.5637695E+22
   10.30125        237.51              3                        32.900 8.78628 239.99
  4.8067850E-06  3.5500916E-04  7.7728864E-06  5.4150636E-08  2.1874927E-08  5.7941355E-07  2.0900536E-01  5.1760866E+22
   7.703475        242.34              3                        34.900 6.61328 244.95
  4.9039072E-06  3.5500980E-04  8.5246547E-06  4.2426844E-08  2.3846910E-08  5.2736578E-07  2.0900574E-01  3.6146276E+22
   5.824757        247.27              3                        36.900 5.03469 249.84
  4.9670398E-06  3.5500823E-04  8.8305105E-06  3.2571123E-08  2.5646894E-08  4.8160666E-07  2.0900482E-01  2.6801360E+22
   4.442682        252.17              3                        38.900 3.85333 254.77
  5.0161370E-06  3.5501088E-04  8.4904723E-06  2.4015852E-08  2.7513584E-08  4.3754815E-07  2.0900646E-01  2.0049382E+22
   3.407392        257.13              3                        40.900 2.96408 259.73
  5.1013058E-06  3.5501190E-04  7.5621829E-06  1.7783966E-08  2.9431952E-08  3.9457359E-07  2.0900702E-01  1.5083691E+22
   2.627624        262.09              3                        42.900 2.29180 264.69
  5.2471341E-06  3.5501042E-04  6.2966351E-06  1.2921510E-08  3.0938047E-08  3.5215132E-07  2.0900613E-01  1.1414246E+22
   2.037819        267.05              3                        44.900 1.78227 269.65
  5.3810127E-06  3.5500791E-04  5.1043844E-06  9.3075085E-09  3.2309320E-08  3.1031249E-07  2.0900463E-01  8.6903496E+21
   1.561180        272.00              3                        47.200 1.33900 274.56
  5.4697343E-06  3.5500259E-04  4.0821087E-06  6.6677854E-09  3.3800561E-08  2.6731394E-07  2.0900150E-01  7.5064828E+21
  0.9634139        274.41              3                        53.9000.589399 270.71
  5.4735615E-06  3.5500337E-04  2.8155102E-06  3.5912391E-09  3.6464382E-08  2.0088720E-07  2.0900197E-01  1.2774552E+22
  0.5106084        268.77              3                        56.4000.430705 265.88
  5.3326530E-06  3.5502302E-04  1.8036270E-06  2.0309472E-09  3.9601694E-08  1.5878383E-07  2.0901358E-01  2.6989144E+21
  0.3820259        263.53              3                        58.4000.333645 261.00
  5.1831207E-06  3.5507922E-04  1.5450810E-06  1.7047587E-09  4.2654523E-08  1.5400190E-07  2.0904660E-01  1.6518584E+21
  0.2975729        258.75              3                        60.3000.261262 256.08
  5.0460312E-06  3.5503952E-04  1.3594723E-06  1.4732259E-09  4.5695458E-08  1.5114806E-07  2.0902328E-01  1.2455197E+21
  0.2388066        253.76              3                        61.7000.216491 251.32
  4.8780507E-06  3.5511289E-04  1.1832446E-06  1.3152129E-09  4.9774858E-08  1.5015239E-07  2.0906644E-01  7.5262510E+20
  0.1978831        249.00              3                        63.1000.179393 246.56
  4.7075605E-06  3.5519004E-04  1.0330702E-06  1.2046001E-09  5.4377978E-08  1.5018485E-07  2.0911193E-01  6.3531851E+20
  0.1639725        244.24              3                        64.5000.148652 241.80
  4.5413699E-06  3.5513769E-04  9.0162695E-07  1.1028871E-09  5.9385144E-08  1.5016241E-07  2.0908101E-01  5.3673077E+20
  0.1372726        239.61              3                        65.7000.125500 237.02
  4.3837813E-06  3.5506955E-04  7.8788491E-07  1.0173566E-09  6.5223382E-08  1.5013467E-07  2.0904104E-01  3.9289481E+20
  0.1161604        234.65              3                        66.8000.106885 232.18
  4.2189254E-06  3.5528085E-04  6.7509507E-07  9.5524733E-10  7.4618846E-08  1.5023033E-07  2.0916539E-01  3.1107724E+20
  9.8930135E-02    229.81              3                        67.9000.091031 227.34
  4.0623413E-06  3.5538705E-04  5.7978644E-07  9.0009833E-10  8.5339593E-08  1.5028188E-07  2.0922786E-01  2.7061537E+20
  8.4255733E-02    224.97              3                        69.0000.077529 222.50
  3.9098322E-06  3.5533530E-04  4.9771251E-07  8.4775770E-10  9.7556516E-08  1.5026681E-07  2.0919746E-01  2.3544404E+20
  7.2246842E-02    220.34              3                        70.0000.067000 218.10
  3.7676771E-06  3.5513588E-04  4.2984522E-07  8.0018175E-10  1.1081534E-07  1.5018884E-07  2.0908001E-01  1.8746121E+20
%%%%%
123456789-123456789-123456789-123456789-123456789-123456789-123456789-123456789-
