 Wavenumbers:   10.0 - 3250.0 cm-1, ATM      1
 LEVEL    PRESSURE   UPWARD FLUX   DOWNWARD FLUX    NET FLUX       HEATING RATE
             mb          W/m2          W/m2           W/m2          degree/day
  51         .06700    281.0398        0.0000       281.0397870            0.00000
  50         .07753    281.0486        0.0373       281.0112965          -22.83551
  49         .09103    281.0595        0.0572       281.0022802           -5.63544
  48        0.1069     281.0715        0.0799       280.9915818           -5.69483
  47        0.1255     281.0845        0.1062       280.9783167           -6.01376
  46        0.1487     281.0994        0.1394       280.9599510           -6.69449
  45        0.1794     281.1175        0.1830       280.9345096           -6.98427
  44        0.2165     281.1369        0.2336       280.9032158           -7.11881
  43        0.2613     281.1564        0.2935       280.8628283           -7.61287
  42        0.3336     281.1799        0.3897       280.7901258           -8.47640
  41        0.4307     281.2013        0.5143       280.6870194           -8.96486
  40        0.5894     281.2090        0.7169       280.4921489          -10.36297
  39        1.339      281.0361        1.6021       279.4339820          -11.91304
  38        1.782      280.8547        2.0137       278.8410613          -11.28826
  37        2.292      280.6650        2.3957       278.2692859           -9.47009
  36        2.964      280.4482        2.7976       277.6506606           -7.76562
  35        3.853      280.2012        3.2277       276.9734623           -6.42674
  34        5.035      279.9268        3.7135       276.2132481           -5.43065
  33        6.613      279.6311        4.2960       275.3350906           -4.69463
  32        8.786      279.3275        4.9918       274.3357131           -3.88122
  31       11.80       279.0325        5.8372       273.1953218           -3.19274
  30       15.07       278.8199        6.6019       272.2179691           -2.52333
  29       18.79       278.6839        7.3494       271.3344909           -2.00312
  28       23.16       278.6383        8.1618       270.4764720           -1.65913
  27       28.12       278.6462        9.0314       269.6147780           -1.46482
  26       33.73       278.7052        9.9210       268.7841521           -1.24887
  25       40.54       278.8078       10.8923       267.9154506           -1.07772
  24       48.69       278.9753       11.9066       267.0687705           -0.87618
  23       57.69       279.2030       12.8600       266.3429824           -0.68032
  22       68.43       279.5196       13.8071       265.7124304           -0.49570
  21       81.20       279.9224       14.7458       265.1766125           -0.35406
  20       96.49       280.4407       15.6906       264.7500819           -0.23541
  19      114.6        281.2458       16.8359       264.4099451           -0.15882
  18      136.5        282.2863       18.1830       264.1032541           -0.11793
  17      162.9        283.7921       19.9717       263.8204049           -0.09041
  16      196.4        286.8103       23.7475       263.0627612           -0.19071
  15      218.7        289.2711       28.8339       260.4372022           -0.99683
  14      243.0        292.2404       36.6348       255.6056468           -1.67574
  13      269.0        295.8344       47.0498       248.7845827           -2.21272
  12      297.5        300.1824       58.9894       241.1929684           -2.25159
  11      328.5        305.1748       71.1938       233.9809602           -1.96092
  10      361.9        310.8545       84.1907       226.6638099           -1.85131
   9      398.1        317.2253       98.3540       218.8712957           -1.81548
   8      437.6        324.3754      113.9804       210.3950418           -1.81228
   7      480.5        332.2013      130.9865       201.2148271           -1.80296
   6      533.0        341.6954      151.9827       189.7127885           -1.85031
   5      589.8        352.1604      175.2873       176.8730616           -1.90584
   4      651.6        364.0389      201.9483       162.0905484           -2.02155
   3      718.7        377.2522      230.4955       146.7567257           -1.92704
   2      792.3        391.5573      261.1461       130.4111733           -1.87465
   1      891.5        407.6896      299.8489       107.8406621           -1.92064
   0     1013.0        424.7960      348.9352        75.8608483           -2.22052

  Modules and versions used in this calculation:

       rrtmg_lw.1col.f90:  $Revision: 1.10 $             rrtmg_lw_init.f90:  $Revision: 1.6 $  
     rrtmglw_cldprop.f90:  $Revision: 1.9 $            rrtmglw_cldprmc.f90:  NOT USED          
       rrtmg_lw_rtrn.f90:  NOT USED                    rrtmg_lw_rtrnmr.f90:  $Revision: 1.7 $  
     rrtmg_lw_rtrnmc.f90:  NOT USED                    rrtmglw_setcoef.f90:  $Revision: 1.6 $  
     rrtmg_lw_taumol.f90:  $Revision: 1.8 $                       rrtatm.f:  NOT USED          
              util_xxx.f:  NOT USED                                extra.f:  NOT USED          
        rrtmg_lw_k_g.f90:  $Revision: 1.4 $  
