 Wavenumbers:   10.0 - 3250.0 cm-1, ATM      1
 LEVEL    PRESSURE   UPWARD FLUX   DOWNWARD FLUX    NET FLUX       HEATING RATE
             mb          W/m2          W/m2           W/m2          degree/day
  51         .06700    242.8428        0.0000       242.8428327            0.00000
  50         .07753    242.8517        0.0373       242.8143338          -22.84232
  49         .09103    242.8625        0.0572       242.8053075           -5.64166
  48        0.1069     242.8745        0.0799       242.7945985           -5.70045
  47        0.1255     242.8875        0.1062       242.7813223           -6.01879
  46        0.1487     242.9023        0.1394       242.7629439           -6.69912
  45        0.1794     242.9204        0.1829       242.7374869           -6.98857
  44        0.2165     242.9398        0.2336       242.7061763           -7.12261
  43        0.2613     242.9592        0.2934       242.6657709           -7.61624
  42        0.3336     242.9826        0.3896       242.5930412           -8.47957
  41        0.4307     243.0039        0.5140       242.4898996           -8.96792
  40        0.5894     243.0115        0.7165       242.2949667          -10.36629
  39        1.339      242.8372        1.6011       241.2361211          -11.92068
  38        1.782      242.6546        2.0122       240.6423523          -11.30440
  37        2.292      242.4629        2.3938       240.0691071           -9.49444
  36        2.964      242.2429        2.7952       239.4477211           -7.80027
  35        3.853      241.9903        3.2248       238.7654634           -6.47475
  34        5.035      241.7064        3.7099       237.9965101           -5.49308
  33        6.613      241.3957        4.2915       237.1041712           -4.77045
  32        8.786      241.0692        4.9863       236.0828515           -3.96644
  31       11.80       240.7383        5.8304       234.9079273           -3.28942
  30       15.07       240.4846        6.5939       233.8907299           -2.62621
  29       18.79       240.2991        7.3401       232.9589896           -2.11254
  28       23.16       240.1923        8.1511       232.0411896           -1.77473
  27       28.12       240.1269        9.0191       231.1077522           -1.58678
  26       33.73       240.1041        9.9071       230.1970004           -1.36934
  25       40.54       240.1098       10.8765       229.2332464           -1.19565
  24       48.69       240.1609       11.8885       228.2723911           -0.99433
  23       57.69       240.2621       12.8395       227.4225429           -0.79660
  22       68.43       240.4325       13.7840       226.6485820           -0.60844
  21       81.20       240.6833       14.7195       225.9637167           -0.45255
  20       96.49       241.0501       15.6607       225.3893622           -0.31700
  19      114.6        241.6720       16.8018       224.8702430           -0.24239
  18      136.5        242.4932       18.1439       224.3492846           -0.20032
  17      162.9        243.7304       19.9266       223.8037382           -0.17438
  16      196.4        246.4260       23.6944       222.7315144           -0.26989
  15      218.7        248.6696       28.7747       219.8949072           -1.07695
  14      243.0        251.3660       36.5680       214.7979589           -1.76779
  13      269.0        254.5641       46.9738       207.5902628           -2.33814
  12      297.5        269.5311       74.9444       194.5867613           -3.85670
  11      328.5        288.2342       97.7963       190.4379019           -1.12806
  10      361.9        293.7835      108.7977       184.9858168           -1.37943
   9      398.1        299.9971      121.1467       178.8503854           -1.42942
   8      437.6        306.9465      135.0519       171.8946092           -1.48719
   7      480.5        314.5059      150.4286       164.0773108           -1.53529
   6      533.0        323.5466      169.6058       153.9408548           -1.63063
   5      589.8        333.1519      191.0460       142.1059639           -1.75669
   4      651.6        352.0851      253.6447        98.4403764           -5.97139
   3      718.7        377.2797      286.8233        90.4563673           -1.00337
   2      792.3        391.5723      308.8668        82.7055764           -0.88893
   1      891.5        407.6944      337.3824        70.3119978           -1.05463
   0     1013.0        424.7960      374.2668        50.5292568           -1.37362

 Wavenumbers:   10.0 -  350.0 cm-1, ATM      1
 LEVEL    PRESSURE   UPWARD FLUX   DOWNWARD FLUX    NET FLUX       HEATING RATE
             mb          W/m2          W/m2           W/m2          degree/day
  51         .06700     36.5164        0.0000        36.5163663            0.00000
  50         .07753     36.5168        0.0039        36.5128759           -2.79759
  49         .09103     36.5174        0.0063        36.5110071           -1.16805
  48        0.1069      36.5179        0.0089        36.5090450           -1.04442
  47        0.1255      36.5185        0.0117        36.5068080           -1.01414
  46        0.1487      36.5192        0.0151        36.5040764           -0.99570
  45        0.1794      36.5200        0.0192        36.5007886           -0.90258
  44        0.2165      36.5208        0.0232        36.4975300           -0.74129
  43        0.2613      36.5216        0.0272        36.4943107           -0.60681
  42        0.3336      36.5225        0.0325        36.4899656           -0.50661
  41        0.4307      36.5233        0.0384        36.4849403           -0.43694
  40        0.5894      36.5237        0.0480        36.4756866           -0.49210
  39        1.339       36.5180        0.1035        36.4145177           -0.68865
  38        1.782       36.5114        0.1370        36.3743592           -0.76455
  37        2.292       36.5041        0.1716        36.3324476           -0.69417
  36        2.964       36.4953        0.2087        36.2865777           -0.57581
  35        3.853       36.4847        0.2467        36.2380067           -0.46095
  34        5.035       36.4719        0.2885        36.1834523           -0.38971
  33        6.613       36.4567        0.3433        36.1134356           -0.37431
  32        8.786       36.4388        0.4228        36.0159650           -0.37854
  31       11.80        36.4177        0.5400        35.8776289           -0.38730
  30       15.07        36.3986        0.6606        35.7380711           -0.36031
  29       18.79        36.3814        0.7890        35.5923647           -0.33036
  28       23.16        36.3663        0.9376        35.4287645           -0.31635
  27       28.12        36.3516        1.1089        35.2426533           -0.31638
  26       33.73        36.3379        1.2976        35.0403276           -0.30420
  25       40.54        36.3239        1.5159        34.8080110           -0.28821
  24       48.69        36.3104        1.7544        34.5559657           -0.26083
  23       57.69        36.2997        1.9909        34.3087625           -0.23172
  22       68.43        36.2924        2.2445        34.0478106           -0.20514
  21       81.20        36.2919        2.5220        33.7698209           -0.18369
  20       96.49        36.3036        2.8397        33.4638834           -0.16886
  19      114.6         36.3321        3.2429        33.0892209           -0.17494
  18      136.5         36.3752        3.7809        32.5942784           -0.19032
  17      162.9         36.4624        4.6780        31.7844085           -0.25887
  16      196.4         36.7650        6.7180        30.0469876           -0.43733
  15      218.7         37.1249        9.5342        27.5907164           -0.93255
  14      243.0         37.6545       13.9692        23.6852688           -1.35454
  13      269.0         38.3611       19.8214        18.5397241           -1.66919
  12      297.5         39.4805       27.4917        11.9887407           -1.94295
  11      328.5         40.7324       32.6086         8.1238151           -1.05086
  10      361.9         41.8843       36.0618         5.8224762           -0.58226
   9      398.1         43.1109       39.2212         3.8897096           -0.45029
   8      437.6         44.4082       41.9609         2.4472994           -0.30840
   7      480.5         45.7442       44.1834         1.5608013           -0.17410
   6      533.0         47.2256       46.1337         1.0918899           -0.07543
   5      589.8         48.7256       47.8465         0.8790839           -0.03159
   4      651.6         50.3088       49.7256         0.5832347           -0.04046
   3      718.7         51.9424       51.4368         0.5055720           -0.00976
   2      792.3         53.5321       53.0902         0.4419466           -0.00730
   1      891.5         55.0973       54.7330         0.3642693           -0.00661
   0     1013.0         56.7710       56.5139         0.2570921           -0.00744

 Wavenumbers:  350.0 -  500.0 cm-1, ATM      1
 LEVEL    PRESSURE   UPWARD FLUX   DOWNWARD FLUX    NET FLUX       HEATING RATE
             mb          W/m2          W/m2           W/m2          degree/day
  51         .06700     41.5981        0.0000        41.5981072            0.00000
  50         .07753     41.5982        0.0002        41.5980327           -0.05972
  49         .09103     41.5983        0.0004        41.5979186           -0.07135
  48        0.1069      41.5985        0.0007        41.5977404           -0.09482
  47        0.1255      41.5986        0.0012        41.5974709           -0.12220
  46        0.1487      41.5988        0.0018        41.5970342           -0.15918
  45        0.1794      41.5991        0.0028        41.5963078           -0.19941
  44        0.2165      41.5994        0.0041        41.5952805           -0.23370
  43        0.2613      41.5997        0.0058        41.5938587           -0.26800
  42        0.3336      41.6000        0.0088        41.5911981           -0.31019
  41        0.4307      41.6004        0.0129        41.5874870           -0.32268
  40        0.5894      41.6005        0.0191        41.5814388           -0.32163
  39        1.339       41.5980        0.0362        41.5618103           -0.22098
  38        1.782       41.5955        0.0405        41.5549466           -0.13067
  37        2.292       41.5930        0.0439        41.5491249           -0.09642
  36        2.964       41.5902        0.0476        41.5426363           -0.08145
  35        3.853       41.5872        0.0525        41.5346751           -0.07555
  34        5.035       41.5838        0.0593        41.5245208           -0.07254
  33        6.613       41.5800        0.0685        41.5114512           -0.06987
  32        8.786       41.5757        0.0809        41.4948840           -0.06434
  31       11.80        41.5710        0.0975        41.4735038           -0.05986
  30       15.07        41.5668        0.1136        41.4532298           -0.05234
  29       18.79        41.5632        0.1296        41.4336461           -0.04440
  28       23.16        41.5600        0.1462        41.4137722           -0.03843
  27       28.12        41.5568        0.1635        41.3932430           -0.03490
  26       33.73        41.5537        0.1811        41.3726108           -0.03102
  25       40.54        41.5503        0.2005        41.3497975           -0.02830
  24       48.69        41.5469        0.2219        41.3249701           -0.02569
  23       57.69        41.5437        0.2441        41.2995413           -0.02384
  22       68.43        41.5404        0.2695        41.2708561           -0.02255
  21       81.20        41.5367        0.2994        41.2373449           -0.02214
  20       96.49        41.5305        0.3359        41.1945671           -0.02361
  19      114.6         41.5364        0.3720        41.1643947           -0.01409
  18      136.5         41.5452        0.4267        41.1185086           -0.01764
  17      162.9         41.5634        0.5249        41.0384830           -0.02558
  16      196.4         41.6237        0.7880        40.8356550           -0.05105
  15      218.7         41.7112        1.3034        40.4078299           -0.16243
  14      243.0         41.8701        2.3250        39.5450606           -0.29924
  13      269.0         42.1306        3.8472        38.2834685           -0.40925
  12      297.5         43.1993        8.4994        34.6999281           -1.06284
  11      328.5         44.3951       12.9683        31.4267980           -0.88995
  10      361.9         45.0777       15.6867        29.3910650           -0.51506
   9      398.1         45.8979       18.9378        26.9601182           -0.56636
   8      437.6         46.8755       22.9007        23.9747399           -0.63829
   7      480.5         47.9812       27.5172        20.4640080           -0.68949
   6      533.0         49.3541       33.4327        15.9213533           -0.73077
   5      589.8         50.8588       39.7989        11.0598847           -0.72160
   4      651.6         52.6657       47.0745         5.5912119           -0.74786
   3      718.7         54.7389       52.5048         2.2341051           -0.42190
   2      792.3         56.7929       55.8857         0.9071472           -0.15219
   1      891.5         58.9567       58.6546         0.3021362           -0.05148
   0     1013.0         61.3002       61.2004         0.0997886           -0.01405

 Wavenumbers:  500.0 -  630.0 cm-1, ATM      1
 LEVEL    PRESSURE   UPWARD FLUX   DOWNWARD FLUX    NET FLUX       HEATING RATE
             mb          W/m2          W/m2           W/m2          degree/day
  51         .06700     36.8568        0.0000        36.8567978            0.00000
  50         .07753     36.8573        0.0011        36.8562274           -0.45714
  49         .09103     36.8580        0.0026        36.8553994           -0.51753
  48        0.1069      36.8587        0.0044        36.8543167           -0.57632
  47        0.1255      36.8595        0.0066        36.8529230           -0.63186
  46        0.1487      36.8604        0.0095        36.8509836           -0.70694
  45        0.1794      36.8616        0.0133        36.8482640           -0.74659
  44        0.2165      36.8628        0.0178        36.8449939           -0.74388
  43        0.2613      36.8639        0.0229        36.8410019           -0.75249
  42        0.3336      36.8653        0.0309        36.8343493           -0.77562
  41        0.4307      36.8664        0.0407        36.8256754           -0.75417
  40        0.5894      36.8665        0.0560        36.8105755           -0.80299
  39        1.339       36.8542        0.1157        36.7385547           -0.81082
  38        1.782       36.8432        0.1396        36.7035386           -0.66665
  37        2.292       36.8321        0.1604        36.6716988           -0.52735
  36        2.964       36.8198        0.1824        36.6373382           -0.43133
  35        3.853       36.8061        0.2078        36.5983114           -0.37037
  34        5.035       36.7909        0.2378        36.5530557           -0.32329
  33        6.613       36.7741        0.2735        36.5006357           -0.28024
  32        8.786       36.7560        0.3154        36.4405572           -0.23332
  31       11.80        36.7365        0.3673        36.3691323           -0.19997
  30       15.07        36.7204        0.4169        36.3035026           -0.16944
  29       18.79        36.7073        0.4676        36.2397629           -0.14452
  28       23.16        36.6973        0.5238        36.1735094           -0.12811
  27       28.12        36.6889        0.5863        36.1025732           -0.12059
  26       33.73        36.6825        0.6540        36.0284962           -0.11138
  25       40.54        36.6778        0.7341        35.9437242           -0.10517
  24       48.69        36.6761        0.8270        35.8490868           -0.09793
  23       57.69        36.6792        0.9258        35.7533190           -0.08977
  22       68.43        36.6896        1.0392        35.6504350           -0.08088
  21       81.20        36.7123        1.1685        35.5438358           -0.07044
  20       96.49        36.7564        1.3145        35.4418479           -0.05629
  19      114.6         36.8274        1.4972        35.3302581           -0.05210
  18      136.5         36.9287        1.7070        35.2216663           -0.04176
  17      162.9         37.0835        1.9501        35.1333304           -0.02824
  16      196.4         37.3746        2.3052        35.0693461           -0.01611
  15      218.7         37.5990        2.6587        34.9403461           -0.04898
  14      243.0         37.8672        3.1780        34.6892151           -0.08710
  13      269.0         38.1851        3.9204        34.2646684           -0.13772
  12      297.5         39.9703        8.4773        31.4929781           -0.82205
  11      328.5         42.1278       12.2698        29.8580741           -0.44453
  10      361.9         42.7688       13.6487        29.1201307           -0.18671
   9      398.1         43.5076       15.4215        28.0860967           -0.24091
   8      437.6         44.3567       17.6919        26.6647340           -0.30390
   7      480.5         45.3004       20.5183        24.7820986           -0.36974
   6      533.0         46.4652       24.4911        21.9740510           -0.45173
   5      589.8         47.6992       29.3861        18.3131576           -0.54340
   4      651.6         49.7465       39.7738         9.9726714           -1.14058
   3      718.7         52.2126       45.8961         6.3164961           -0.45948
   2      792.3         54.2394       50.4734         3.7660636           -0.29251
   1      891.5         56.5668       55.1264         1.4403944           -0.19790
   0     1013.0         59.0709       58.6659         0.4049348           -0.07190

 Wavenumbers:  630.0 -  700.0 cm-1, ATM      1
 LEVEL    PRESSURE   UPWARD FLUX   DOWNWARD FLUX    NET FLUX       HEATING RATE
             mb          W/m2          W/m2           W/m2          degree/day
  51         .06700     12.2230        0.0000        12.2230101            0.00000
  50         .07753     12.2292        0.0298        12.1993261          -18.98302
  49         .09103     12.2366        0.0431        12.1935158           -3.63163
  48        0.1069      12.2447        0.0581        12.1865371           -3.71477
  47        0.1255      12.2533        0.0753        12.1780626           -3.84192
  46        0.1487      12.2630        0.0964        12.1665875           -4.18281
  45        0.1794      12.2745        0.1236        12.1509569           -4.29099
  44        0.2165      12.2868        0.1549        12.1318882           -4.33778
  43        0.2613      12.2990        0.1917        12.1073364           -4.62791
  42        0.3336      12.3137        0.2502        12.0634482           -5.11694
  41        0.4307      12.3273        0.3252        12.0021110           -5.33313
  40        0.5894      12.3331        0.4448        11.8882637           -6.05425
  39        1.339       12.2494        0.9451        11.3042558           -6.57487
  38        1.782       12.1546        1.1708        10.9838137           -6.10070
  37        2.292       12.0550        1.3770        10.6779957           -5.06514
  36        2.964       11.9411        1.5857        10.3553530           -4.05014
  35        3.853       11.8100        1.7957        10.0142665           -3.23697
  34        5.035       11.6601        2.0261         9.6340243           -2.71629
  33        6.613       11.4896        2.3137         9.1758821           -2.44923
  32        8.786       11.2978        2.6754         8.6223575           -2.14969
  31       11.80        11.0837        3.1256         7.9581170           -1.85966
  30       15.07        10.8976        3.5331         7.3644842           -1.53264
  29       18.79        10.7330        3.9307         6.8023107           -1.27462
  28       23.16        10.5975        4.3621         6.2354496           -1.09613
  27       28.12        10.4666        4.8135         5.6530935           -0.98997
  26       33.73        10.3453        5.2662         5.0790191           -0.86314
  25       40.54        10.2140        5.7496         4.4643819           -0.76253
  24       48.69        10.0737        6.2369         3.8368094           -0.64944
  23       57.69         9.9380        6.6718         3.2662039           -0.53486
  22       68.43         9.7997        7.0677         2.7320163           -0.41994
  21       81.20         9.6858        7.4178         2.2680531           -0.30658
  20       96.49         9.6257        7.7140         1.9117809           -0.19664
  19      114.6          9.6648        8.0398         1.6249707           -0.13392
  18      136.5          9.7392        8.3535         1.3857044           -0.09200
  17      162.9          9.9399        8.6275         1.3124317           -0.02342
  16      196.4         10.9048        9.3077         1.5971190            0.07166
  15      218.7         11.7440       10.1877         1.5562218           -0.01553
  14      243.0         12.6407       11.1934         1.4472307           -0.03780
  13      269.0         13.5734       12.3007         1.2727592           -0.05660
  12      297.5         14.6098       13.5565         1.0532718           -0.06510
  11      328.5         15.7195       14.7761         0.9434759           -0.02985
  10      361.9         16.8441       15.9784         0.8657347           -0.01967
   9      398.1         18.0183       17.2480         0.7702100           -0.02226
   8      437.6         19.2413       18.5632         0.6780262           -0.01971
   7      480.5         20.5003       19.9182         0.5821510           -0.01883
   6      533.0         21.9051       21.4243         0.4807702           -0.01631
   5      589.8         23.3324       22.9444         0.3880595           -0.01376
   4      651.6         24.8369       24.5513         0.2856468           -0.01401
   3      718.7         26.3977       26.1542         0.2435655           -0.00529
   2      792.3         27.9726       27.7851         0.1874718           -0.00643
   1      891.5         29.5590       29.4405         0.1185723           -0.00586
   0     1013.0         31.2618       31.2115         0.0502678           -0.00474

 Wavenumbers:  700.0 -  820.0 cm-1, ATM      1
 LEVEL    PRESSURE   UPWARD FLUX   DOWNWARD FLUX    NET FLUX       HEATING RATE
             mb          W/m2          W/m2           W/m2          degree/day
  51         .06700     28.3297        0.0000        28.3297423            0.00000
  50         .07753     28.3306        0.0017        28.3289166           -0.66182
  49         .09103     28.3316        0.0036        28.3280698           -0.52929
  48        0.1069      28.3328        0.0058        28.3270609           -0.53702
  47        0.1255      28.3342        0.0084        28.3257454           -0.59639
  46        0.1487      28.3357        0.0119        28.3237933           -0.71156
  45        0.1794      28.3376        0.0167        28.3209287           -0.78641
  44        0.2165      28.3397        0.0224        28.3172783           -0.83041
  43        0.2613      28.3417        0.0292        28.3125189           -0.89713
  42        0.3336      28.3441        0.0401        28.3040024           -0.99294
  41        0.4307      28.3463        0.0540        28.2922589           -1.02107
  40        0.5894      28.3468        0.0758        28.2710820           -1.12616
  39        1.339       28.3260        0.1551        28.1709578           -1.12722
  38        1.782       28.3058        0.1877        28.1181382           -1.00560
  37        2.292       28.2851        0.2192        28.0658929           -0.86532
  36        2.964       28.2614        0.2568        28.0046604           -0.76865
  35        3.853       28.2343        0.3026        27.9317606           -0.69183
  34        5.035       28.2039        0.3570        27.8469042           -0.60618
  33        6.613       28.1708        0.4199        27.7508506           -0.51350
  32        8.786       28.1364        0.4913        27.6451137           -0.41064
  31       11.80        28.1019        0.5761        27.5258250           -0.33397
  30       15.07        28.0762        0.6524        27.4237236           -0.26361
  29       18.79        28.0577        0.7262        27.3314838           -0.20914
  28       23.16        28.0466        0.8040        27.2425808           -0.17191
  27       28.12        28.0401        0.8863        27.1538381           -0.15086
  26       33.73        28.0383        0.9700        27.0683472           -0.12854
  25       40.54        28.0403        1.0621        26.9782084           -0.11183
  24       48.69        28.0482        1.1608        26.8874579           -0.09391
  23       57.69        28.0629        1.2560        26.8069106           -0.07550
  22       68.43        28.0873        1.3533        26.7340041           -0.05731
  21       81.20        28.1254        1.4508        26.6746380           -0.03923
  20       96.49        28.1889        1.5495        26.6393375           -0.01948
  19      114.6         28.2720        1.6780        26.5940820           -0.02113
  18      136.5         28.3878        1.8261        26.5617365           -0.01244
  17      162.9         28.5661        2.0022        26.5639596            0.00071
  16      196.4         28.9158        2.2805        26.6352769            0.01795
  15      218.7         29.1812        2.5724        26.6087648           -0.01007
  14      243.0         29.4780        2.9655        26.5124564           -0.03340
  13      269.0         29.7987        3.4609        26.3378133           -0.05665
  12      297.5         32.0245        6.8681        25.1563526           -0.35041
  11      328.5         34.9888        9.5153        25.4735004            0.08623
  10      361.9         35.5242       10.2246        25.2996482           -0.04399
   9      398.1         36.1118       11.0910        25.0208240           -0.06496
   8      437.6         36.7538       12.1332        24.6205949           -0.08557
   7      480.5         37.4346       13.3633        24.0713129           -0.10788
   6      533.0         38.2366       15.0068        23.2298481           -0.13536
   5      589.8         39.0319       16.9452        22.0867411           -0.16967
   4      651.6         41.2386       27.6341        13.6045278           -1.15997
   3      718.7         44.6511       31.2139        13.4372472           -0.02102
   2      792.3         45.9880       33.7705        12.2174489           -0.13990
   1      891.5         47.5869       38.0710         9.5159044           -0.22989
   0     1013.0         49.1700       43.8997         5.2703106           -0.29479

 Wavenumbers:  820.0 -  980.0 cm-1, ATM      1
 LEVEL    PRESSURE   UPWARD FLUX   DOWNWARD FLUX    NET FLUX       HEATING RATE
             mb          W/m2          W/m2           W/m2          degree/day
  51         .06700     38.2855        0.0000        38.2854504            0.00000
  50         .07753     38.2855        0.0000        38.2854462           -0.00331
  49         .09103     38.2855        0.0000        38.2854420           -0.00265
  48        0.1069      38.2855        0.0000        38.2854370           -0.00269
  47        0.1255      38.2855        0.0000        38.2854304           -0.00298
  46        0.1487      38.2855        0.0001        38.2854206           -0.00356
  45        0.1794      38.2855        0.0001        38.2854063           -0.00393
  44        0.2165      38.2855        0.0001        38.2853880           -0.00415
  43        0.2613      38.2855        0.0001        38.2853642           -0.00449
  42        0.3336      38.2855        0.0002        38.2853217           -0.00496
  41        0.4307      38.2855        0.0003        38.2852629           -0.00511
  40        0.5894      38.2855        0.0004        38.2851571           -0.00563
  39        1.339       38.2854        0.0008        38.2846564           -0.00564
  38        1.782       38.2853        0.0009        38.2843923           -0.00503
  37        2.292       38.2852        0.0011        38.2841311           -0.00433
  36        2.964       38.2851        0.0013        38.2838250           -0.00384
  35        3.853       38.2850        0.0015        38.2834605           -0.00346
  34        5.035       38.2848        0.0018        38.2830362           -0.00303
  33        6.613       38.2847        0.0021        38.2825559           -0.00257
  32        8.786       38.2845        0.0025        38.2820272           -0.00205
  31       11.80        38.2843        0.0029        38.2814308           -0.00167
  30       15.07        38.2842        0.0033        38.2809203           -0.00132
  29       18.79        38.2841        0.0036        38.2804591           -0.00105
  28       23.16        38.2840        0.0040        38.2800146           -0.00086
  27       28.12        38.2840        0.0044        38.2795708           -0.00075
  26       33.73        38.2840        0.0048        38.2791434           -0.00064
  25       40.54        38.2840        0.0053        38.2786927           -0.00056
  24       48.69        38.2840        0.0058        38.2782389           -0.00047
  23       57.69        38.2841        0.0063        38.2778362           -0.00038
  22       68.43        38.2842        0.0068        38.2774717           -0.00029
  21       81.20        38.2844        0.0073        38.2771748           -0.00020
  20       96.49        38.2847        0.0077        38.2769983           -0.00010
  19      114.6         38.2881        0.0096        38.2784996            0.00070
  18      136.5         38.2922        0.0118        38.2803932            0.00073
  17      162.9         38.2973        0.0144        38.2828670            0.00079
  16      196.4         38.3046        0.0182        38.2864048            0.00089
  15      218.7         38.3100        0.0218        38.2881995            0.00068
  14      243.0         38.3166        0.0270        38.2895129            0.00046
  13      269.0         38.3245        0.0346        38.2899395            0.00014
  12      297.5         41.1730        2.8932        38.2798390           -0.00300
  11      328.5         45.0429        5.0847        39.9582039            0.45634
  10      361.9         45.0655        5.1052        39.9602396            0.00052
   9      398.1         45.0946        5.1383        39.9563898           -0.00090
   8      437.6         45.1331        5.1930        39.9401660           -0.00347
   7      480.5         45.1824        5.2823        39.9001003           -0.00787
   6      533.0         45.2549        5.4552        39.7996820           -0.01615
   5      589.8         45.3487        5.7649        39.5838263           -0.03204
   4      651.6         47.8791       19.5755        28.3035592           -1.54261
   3      718.7         52.2968       23.5325        28.7643707            0.05791
   2      792.3         52.8065       24.9288        27.8776672           -0.10169
   1      891.5         53.6298       28.6323        24.9974809           -0.24509
   0     1013.0         54.3703       36.1514        18.2189445           -0.47067

 Wavenumbers:  980.0 - 1080.0 cm-1, ATM      1
 LEVEL    PRESSURE   UPWARD FLUX   DOWNWARD FLUX    NET FLUX       HEATING RATE
             mb          W/m2          W/m2           W/m2          degree/day
  51         .06700     14.4258        0.0000        14.4258380            0.00000
  50         .07753     14.4261        0.0001        14.4259745            0.10937
  49         .09103     14.4264        0.0003        14.4261213            0.09175
  48        0.1069      14.4269        0.0006        14.4262385            0.06240
  47        0.1255      14.4274        0.0011        14.4262795            0.01860
  46        0.1487      14.4280        0.0019        14.4261502           -0.04714
  45        0.1794      14.4289        0.0032        14.4256524           -0.13664
  44        0.2165      14.4298        0.0053        14.4245384           -0.25343
  43        0.2613      14.4307        0.0083        14.4223946           -0.40410
  42        0.3336      14.4318        0.0148        14.4170119           -0.62756
  41        0.4307      14.4323        0.0253        14.4070069           -0.86991
  40        0.5894      14.4307        0.0467        14.3839868           -1.22418
  39        1.339       14.3935        0.1897        14.2038472           -2.02805
  38        1.782       14.3601        0.2726        14.0875439           -2.21423
  37        2.292       14.3229        0.3510        13.9718478           -1.91623
  36        2.964       14.2774        0.4347        13.8426623           -1.62167
  35        3.853       14.2231        0.5290        13.6941226           -1.40967
  34        5.035       14.1630        0.6368        13.5261872           -1.19966
  33        6.613       14.1022        0.7533        13.3489120           -0.94771
  32        8.786       14.0497        0.8678        13.1819363           -0.64847
  31       11.80        14.0162        0.9815        13.0347776           -0.41200
  30       15.07        14.0123        1.0713        12.9410747           -0.24192
  29       18.79        14.0382        1.1507        12.8874201           -0.12165
  28       23.16        14.0965        1.2304        12.8661557           -0.04112
  27       28.12        14.1828        1.3099        12.8728562            0.01139
  26       33.73        14.2928        1.3812        12.9115895            0.05824
  25       40.54        14.4349        1.4479        12.9869420            0.09348
  24       48.69        14.6196        1.5082        13.1113409            0.12873
  23       57.69        14.8340        1.5564        13.2776003            0.15584
  22       68.43        15.0962        1.5962        13.4999353            0.17479
  21       81.20        15.3775        1.6249        13.7526239            0.16697
  20       96.49        15.6574        1.6446        14.0128507            0.14363
  19      114.6         15.9795        1.6635        14.3159317            0.14152
  18      136.5         16.3629        1.6877        14.6751042            0.13811
  17      162.9         16.8281        1.7163        15.1117791            0.13958
  16      196.4         17.3227        1.7538        15.5689002            0.11506
  15      218.7         17.5786        1.7933        15.7852674            0.08215
  14      243.0         17.8171        1.8481        15.9689909            0.06372
  13      269.0         18.0299        1.9150        16.1148586            0.04732
  12      297.5         19.5864        2.7871        16.7993319            0.20301
  11      328.5         21.5185        3.5694        17.9490811            0.31261
  10      361.9         21.7269        3.6570        18.0698431            0.03055
   9      398.1         21.9180        3.7617        18.1562846            0.02014
   8      437.6         22.0944        3.8870        18.2073900            0.01093
   7      480.5         22.2537        4.0347        18.2190350            0.00229
   6      533.0         22.4171        4.2384        18.1787543           -0.00648
   5      589.8         22.5650        4.4965        18.0685714           -0.01635
   4      651.6         23.9394        8.8567        15.0827038           -0.40833
   3      718.7         26.0641       11.3040        14.7600545           -0.04055
   2      792.3         26.3431       11.8715        14.4715734           -0.03309
   1      891.5         26.7183       13.2385        13.4797790           -0.08440
   0     1013.0         27.0044       16.0552        10.9492284           -0.17571

 Wavenumbers: 1080.0 - 1180.0 cm-1, ATM      1
 LEVEL    PRESSURE   UPWARD FLUX   DOWNWARD FLUX    NET FLUX       HEATING RATE
             mb          W/m2          W/m2           W/m2          degree/day
  51         .06700     14.5698        0.0000        14.5698164            0.00000
  50         .07753     14.5698        0.0000        14.5698178            0.00111
  49         .09103     14.5698        0.0000        14.5698188            0.00064
  48        0.1069      14.5698        0.0000        14.5698186           -0.00012
  47        0.1255      14.5698        0.0000        14.5698159           -0.00122
  46        0.1487      14.5698        0.0000        14.5698079           -0.00293
  45        0.1794      14.5699        0.0001        14.5697888           -0.00525
  44        0.2165      14.5699        0.0001        14.5697527           -0.00820
  43        0.2613      14.5699        0.0002        14.5696887           -0.01207
  42        0.3336      14.5699        0.0003        14.5695339           -0.01805
  41        0.4307      14.5698        0.0006        14.5692483           -0.02483
  40        0.5894      14.5697        0.0011        14.5685860           -0.03522
  39        1.339       14.5681        0.0052        14.5629033           -0.06398
  38        1.782       14.5669        0.0083        14.5586795           -0.08041
  37        2.292       14.5657        0.0119        14.5537686           -0.08134
  36        2.964       14.5644        0.0169        14.5474465           -0.07936
  35        3.853       14.5632        0.0236        14.5396384           -0.07410
  34        5.035       14.5628        0.0318        14.5309105           -0.06235
  33        6.613       14.5638        0.0414        14.5224061           -0.04546
  32        8.786       14.5673        0.0516        14.5156851           -0.02610
  31       11.80        14.5746        0.0625        14.5120281           -0.01024
  30       15.07        14.5839        0.0715        14.5123432            0.00081
  29       18.79        14.5955        0.0796        14.5158403            0.00793
  28       23.16        14.6095        0.0874        14.5221032            0.01211
  27       28.12        14.6253        0.0949        14.5304629            0.01421
  26       33.73        14.6416        0.1016        14.5400498            0.01441
  25       40.54        14.6591        0.1080        14.5511311            0.01375
  24       48.69        14.6780        0.1142        14.5638032            0.01311
  23       57.69        14.6962        0.1195        14.5766674            0.01206
  22       68.43        14.7149        0.1245        14.5904155            0.01081
  21       81.20        14.7323        0.1288        14.6035643            0.00869
  20       96.49        14.7481        0.1324        14.6157443            0.00672
  19      114.6         14.7675        0.1367        14.6307853            0.00702
  18      136.5         14.7882        0.1413        14.6469266            0.00621
  17      162.9         14.8108        0.1462        14.6646252            0.00566
  16      196.4         14.8349        0.1517        14.6831509            0.00466
  15      218.7         14.8485        0.1558        14.6927079            0.00363
  14      243.0         14.8623        0.1608        14.7014916            0.00305
  13      269.0         14.8768        0.1675        14.7092778            0.00253
  12      297.5         16.0617        0.8645        15.1972048            0.14471
  11      328.5         17.5542        1.4745        16.0797195            0.23995
  10      361.9         17.5808        1.4914        16.0893821            0.00244
   9      398.1         17.6120        1.5179        16.0940411            0.00109
   8      437.6         17.6495        1.5600        16.0895737           -0.00096
   7      480.5         17.6941        1.6248        16.0693496           -0.00397
   6      533.0         17.7549        1.7403        16.0146068           -0.00881
   5      589.8         17.8280        1.9265        15.9014488           -0.01680
   4      651.6         19.0294        6.1018        12.9275279           -0.40669
   3      718.7         20.8240        8.1577        12.6663764           -0.03282
   2      792.3         21.0669        8.7227        12.3441904           -0.03695
   1      891.5         21.4205        9.9742        11.4463010           -0.07641
   0     1013.0         21.7392       12.3576         9.3816308           -0.14336

 Wavenumbers: 1180.0 - 1390.0 cm-1, ATM      1
 LEVEL    PRESSURE   UPWARD FLUX   DOWNWARD FLUX    NET FLUX       HEATING RATE
             mb          W/m2          W/m2           W/m2          degree/day
  51         .06700     14.4762        0.0000        14.4761977            0.00000
  50         .07753     14.4762        0.0000        14.4761980            0.00021
  49         .09103     14.4762        0.0000        14.4761959           -0.00130
  48        0.1069      14.4762        0.0000        14.4761902           -0.00302
  47        0.1255      14.4762        0.0000        14.4761794           -0.00490
  46        0.1487      14.4762        0.0001        14.4761595           -0.00725
  45        0.1794      14.4762        0.0001        14.4761234           -0.00992
  44        0.2165      14.4762        0.0001        14.4760684           -0.01250
  43        0.2613      14.4762        0.0002        14.4759873           -0.01529
  42        0.3336      14.4761        0.0003        14.4758210           -0.01938
  41        0.4307      14.4760        0.0005        14.4755518           -0.02341
  40        0.5894      14.4758        0.0008        14.4750074           -0.02895
  39        1.339       14.4743        0.0032        14.4710881           -0.04412
  38        1.782       14.4732        0.0049        14.4682236           -0.05454
  37        2.292       14.4719        0.0070        14.4649318           -0.05452
  36        2.964       14.4703        0.0096        14.4607844           -0.05206
  35        3.853       14.4685        0.0128        14.4556768           -0.04847
  34        5.035       14.4663        0.0168        14.4495477           -0.04378
  33        6.613       14.4638        0.0214        14.4423912           -0.03826
  32        8.786       14.4610        0.0267        14.4343104           -0.03138
  31       11.80        14.4579        0.0330        14.4249282           -0.02627
  30       15.07        14.4554        0.0388        14.4165763           -0.02156
  29       18.79        14.4533        0.0445        14.4088413           -0.01754
  28       23.16        14.4517        0.0506        14.4011370           -0.01490
  27       28.12        14.4505        0.0573        14.3931548           -0.01357
  26       33.73        14.4496        0.0649        14.3847022           -0.01271
  25       40.54        14.4492        0.0745        14.3746735           -0.01244
  24       48.69        14.4498        0.0867        14.3630691           -0.01201
  23       57.69        14.4518        0.1006        14.3512073           -0.01112
  22       68.43        14.4566        0.1176        14.3390255           -0.00958
  21       81.20        14.4658        0.1376        14.3282272           -0.00714
  20       96.49        14.4821        0.1605        14.3215209           -0.00370
  19      114.6         14.5255        0.1962        14.3292411            0.00360
  18      136.5         14.5856        0.2386        14.3469427            0.00681
  17      162.9         14.6717        0.2878        14.3839015            0.01181
  16      196.4         14.8115        0.3570        14.4544685            0.01776
  15      218.7         14.9135        0.4272        14.4862900            0.01208
  14      243.0         15.0373        0.5347        14.5025826            0.00565
  13      269.0         15.1938        0.6966        14.4972342           -0.00174
  12      297.5         16.5317        1.7341        14.7976337            0.08910
  11      328.5         18.2329        2.7209        15.5119344            0.19422
  10      361.9         18.6120        3.1172        15.4947897           -0.00434
   9      398.1         19.0637        3.6697        15.3939933           -0.02348
   8      437.6         19.5934        4.4146        15.1788034           -0.04601
   7      480.5         20.1905        5.3760        14.8145095           -0.07155
   6      533.0         20.9423        6.7627        14.1796279           -0.10213
   5      589.8         21.7574        8.5016        13.2557206           -0.13714
   4      651.6         23.7393       13.8666         9.8727331           -0.46263
   3      718.7         26.3292       17.0023         9.3269772           -0.06859
   2      792.3         27.8428       19.3466         8.4962253           -0.09528
   1      891.5         29.6614       22.6836         6.9777263           -0.12922
   0     1013.0         31.5426       26.8585         4.6841481           -0.15925

 Wavenumbers: 1390.0 - 1480.0 cm-1, ATM      1
 LEVEL    PRESSURE   UPWARD FLUX   DOWNWARD FLUX    NET FLUX       HEATING RATE
             mb          W/m2          W/m2           W/m2          degree/day
  51         .06700      2.1598        0.0000         2.1598046            0.00000
  50         .07753      2.1599        0.0000         2.1598426            0.03051
  49         .09103      2.1599        0.0000         2.1598863            0.02732
  48        0.1069       2.1600        0.0001         2.1599292            0.02282
  47        0.1255       2.1601        0.0001         2.1599666            0.01695
  46        0.1487       2.1602        0.0002         2.1599931            0.00966
  45        0.1794       2.1603        0.0003         2.1599956            0.00070
  44        0.2165       2.1604        0.0005         2.1599474           -0.01097
  43        0.2613       2.1606        0.0008         2.1598151           -0.02494
  42        0.3336       2.1607        0.0013         2.1594411           -0.04361
  41        0.4307       2.1608        0.0021         2.1587216           -0.06256
  40        0.5894       2.1607        0.0036         2.1570885           -0.08685
  39        1.339        2.1582        0.0107         2.1475371           -0.10753
  38        1.782        2.1565        0.0132         2.1433414           -0.07988
  37        2.292        2.1550        0.0146         2.1403847           -0.04897
  36        2.964        2.1535        0.0152         2.1383018           -0.02615
  35        3.853        2.1520        0.0150         2.1370648           -0.01174
  34        5.035        2.1506        0.0141         2.1364931           -0.00408
  33        6.613        2.1492        0.0129         2.1362638           -0.00123
  32        8.786        2.1478        0.0117         2.1360340           -0.00089
  31       11.80         2.1464        0.0110         2.1354032           -0.00177
  30       15.07         2.1453        0.0109         2.1343746           -0.00266
  29       18.79         2.1444        0.0113         2.1331540           -0.00277
  28       23.16         2.1437        0.0120         2.1316689           -0.00287
  27       28.12         2.1431        0.0132         2.1298511           -0.00309
  26       33.73         2.1425        0.0146         2.1278659           -0.00298
  25       40.54         2.1420        0.0164         2.1255628           -0.00286
  24       48.69         2.1415        0.0184         2.1230705           -0.00258
  23       57.69         2.1412        0.0205         2.1206610           -0.00226
  22       68.43         2.1411        0.0229         2.1182425           -0.00190
  21       81.20         2.1413        0.0254         2.1159495           -0.00152
  20       96.49         2.1421        0.0282         2.1139061           -0.00113
  19      114.6          2.1436        0.0315         2.1120744           -0.00086
  18      136.5          2.1458        0.0356         2.1102386           -0.00071
  17      162.9          2.1503        0.0416         2.1087180           -0.00049
  16      196.4          2.1655        0.0564         2.1090499            0.00008
  15      218.7          2.1874        0.0897         2.0976920           -0.00431
  14      243.0          2.2278        0.1632         2.0645888           -0.01148
  13      269.0          2.2953        0.3053         1.9899996           -0.02420
  12      297.5          2.5166        0.6912         1.8254604           -0.04880
  11      328.5          2.7997        1.0714         1.7283538           -0.02640
  10      361.9          3.0116        1.3912         1.6203739           -0.02732
   9      398.1          3.2757        1.8192         1.4564609           -0.03819
   8      437.6          3.6002        2.3615         1.2386664           -0.04657
   7      480.5          3.9792        3.0000         0.9791382           -0.05097
   6      533.0          4.4618        3.7863         0.6754399           -0.04886
   5      589.8          5.0021        4.5920         0.4100611           -0.03939
   4      651.6          5.6652        5.4442         0.2209642           -0.02586
   3      718.7          6.4100        6.2487         0.1612826           -0.00750
   2      792.3          7.2192        7.1075         0.1116651           -0.00569
   1      891.5          8.0909        8.0223         0.0686066           -0.00366
   0     1013.0          9.0991        9.0631         0.0360397           -0.00226

 Wavenumbers: 1480.0 - 1800.0 cm-1, ATM      1
 LEVEL    PRESSURE   UPWARD FLUX   DOWNWARD FLUX    NET FLUX       HEATING RATE
             mb          W/m2          W/m2           W/m2          degree/day
  51         .06700      2.7119        0.0000         2.7118722            0.00000
  50         .07753      2.7121        0.0001         2.7120531            0.14503
  49         .09103      2.7124        0.0001         2.7122603            0.12949
  48        0.1069       2.7127        0.0003         2.7124657            0.10932
  47        0.1255       2.7131        0.0005         2.7126524            0.08463
  46        0.1487       2.7136        0.0007         2.7128070            0.05635
  45        0.1794       2.7141        0.0012         2.7128995            0.02541
  44        0.2165       2.7147        0.0019         2.7128376           -0.01408
  43        0.2613       2.7153        0.0028         2.7125222           -0.05945
  42        0.3336       2.7161        0.0046         2.7115468           -0.11372
  41        0.4307       2.7168        0.0071         2.7097037           -0.16025
  40        0.5894       2.7172        0.0115         2.7056496           -0.21559
  39        1.339        2.7120        0.0261         2.6858873           -0.22249
  38        1.782        2.7075        0.0291         2.6783917           -0.14270
  37        2.292        2.7035        0.0300         2.6735129           -0.08081
  36        2.964        2.6995        0.0302         2.6692652           -0.05332
  35        3.853        2.6956        0.0307         2.6648459           -0.04194
  34        5.035        2.6916        0.0317         2.6599509           -0.03497
  33        6.613        2.6877        0.0331         2.6546130           -0.02854
  32        8.786        2.6838        0.0345         2.6492155           -0.02096
  31       11.80         2.6798        0.0358         2.6439927           -0.01462
  30       15.07         2.6767        0.0364         2.6402901           -0.00956
  29       18.79         2.6742        0.0365         2.6376434           -0.00600
  28       23.16         2.6722        0.0369         2.6352821           -0.00457
  27       28.12         2.6705        0.0380         2.6324442           -0.00482
  26       33.73         2.6690        0.0399         2.6291121           -0.00501
  25       40.54         2.6677        0.0428         2.6248800           -0.00525
  24       48.69         2.6667        0.0466         2.6200591           -0.00499
  23       57.69         2.6663        0.0510         2.6153354           -0.00443
  22       68.43         2.6668        0.0560         2.6107093           -0.00364
  21       81.20         2.6687        0.0619         2.6067034           -0.00265
  20       96.49         2.6731        0.0688         2.6042519           -0.00135
  19      114.6          2.6790        0.0789         2.6001744           -0.00190
  18      136.5          2.6879        0.0912         2.5966598           -0.00135
  17      162.9          2.7046        0.1102         2.5943290           -0.00075
  16      196.4          2.7559        0.1609         2.5950211            0.00017
  15      218.7          2.8252        0.2720         2.5532227           -0.01587
  14      243.0          2.9453        0.5007         2.4446172           -0.03767
  13      269.0          3.1356        0.8700         2.2656311           -0.05806
  12      297.5          3.5302        1.6002         1.9300089           -0.09954
  11      328.5          4.0339        2.3419         1.6919837           -0.06472
  10      361.9          4.5408        3.0534         1.4873935           -0.05176
   9      398.1          5.1565        3.9212         1.2353487           -0.05872
   8      437.6          5.8964        4.9283         0.9680419           -0.05715
   7      480.5          6.7532        6.0421         0.7110720           -0.05047
   6      533.0          7.8266        7.3629         0.4637007           -0.03979
   5      589.8          9.0409        8.7615         0.2794813           -0.02734
   4      651.6         10.4558       10.2934         0.1624408           -0.01601
   3      718.7         12.0539       11.9432         0.1107462           -0.00650
   2      792.3         13.8349       13.7672         0.0677420           -0.00493
   1      891.5         15.7607       15.7265         0.0342572           -0.00285
   0     1013.0         18.0255       18.0123         0.0131822           -0.00146

 Wavenumbers: 1800.0 - 2080.0 cm-1, ATM      1
 LEVEL    PRESSURE   UPWARD FLUX   DOWNWARD FLUX    NET FLUX       HEATING RATE
             mb          W/m2          W/m2           W/m2          degree/day
  51         .06700      1.9461        0.0000         1.9460568            0.00000
  50         .07753      1.9461        0.0000         1.9460577            0.00073
  49         .09103      1.9461        0.0000         1.9460587            0.00065
  48        0.1069       1.9461        0.0000         1.9460598            0.00055
  47        0.1255       1.9461        0.0000         1.9460607            0.00042
  46        0.1487       1.9461        0.0000         1.9460615            0.00028
  45        0.1794       1.9461        0.0000         1.9460619            0.00013
  44        0.2165       1.9461        0.0000         1.9460616           -0.00007
  43        0.2613       1.9461        0.0000         1.9460601           -0.00030
  42        0.3336       1.9461        0.0000         1.9460552           -0.00057
  41        0.4307       1.9461        0.0000         1.9460460           -0.00080
  40        0.5894       1.9461        0.0001         1.9460257           -0.00108
  39        1.339        1.9461        0.0001         1.9459269           -0.00111
  38        1.782        1.9460        0.0001         1.9458894           -0.00071
  37        2.292        1.9460        0.0001         1.9458650           -0.00040
  36        2.964        1.9460        0.0002         1.9458438           -0.00027
  35        3.853        1.9460        0.0002         1.9458217           -0.00021
  34        5.035        1.9460        0.0002         1.9457972           -0.00017
  33        6.613        1.9459        0.0002         1.9457705           -0.00014
  32        8.786        1.9459        0.0002         1.9457435           -0.00010
  31       11.80         1.9459        0.0002         1.9457174           -0.00007
  30       15.07         1.9459        0.0002         1.9456989           -0.00005
  29       18.79         1.9459        0.0002         1.9456857           -0.00003
  28       23.16         1.9459        0.0002         1.9456739           -0.00002
  27       28.12         1.9458        0.0002         1.9456597           -0.00002
  26       33.73         1.9458        0.0002         1.9456430           -0.00003
  25       40.54         1.9458        0.0002         1.9456218           -0.00003
  24       48.69         1.9458        0.0002         1.9455977           -0.00002
  23       57.69         1.9458        0.0003         1.9455741           -0.00002
  22       68.43         1.9458        0.0003         1.9455510           -0.00002
  21       81.20         1.9458        0.0003         1.9455310           -0.00001
  20       96.49         1.9459        0.0003         1.9455187           -0.00001
  19      114.6          1.9470        0.0014         1.9456152            0.00005
  18      136.5          1.9487        0.0024         1.9462709            0.00025
  17      162.9          1.9513        0.0037         1.9476098            0.00043
  16      196.4          1.9570        0.0064         1.9505221            0.00073
  15      218.7          1.9634        0.0117         1.9517134            0.00045
  14      243.0          1.9747        0.0233         1.9513488           -0.00013
  13      269.0          1.9938        0.0459         1.9478735           -0.00113
  12      297.5          2.1673        0.1347         2.0325947            0.02513
  11      328.5          2.3815        0.2341         2.1473368            0.03120
  10      361.9          2.4484        0.3010         2.1474439            0.00003
   9      398.1          2.5371        0.4020         2.1350859           -0.00288
   8      437.6          2.6532        0.5481         2.1050553           -0.00642
   7      480.5          2.7977        0.7467         2.0509507           -0.01063
   6      533.0          2.9966        1.0481         1.9485202           -0.01648
   5      589.8          3.2358        1.4537         1.7821536           -0.02469
   4      651.6          3.6996        2.3042         1.3953458           -0.05290
   3      718.7          4.2658        3.0163         1.2495145           -0.01833
   2      792.3          4.7666        3.6980         1.0686203           -0.02075
   1      891.5          5.3819        4.6044         0.7775456           -0.02477
   0     1013.0          6.0865        5.6741         0.4123487           -0.02536

 Wavenumbers: 2080.0 - 2250.0 cm-1, ATM      1
 LEVEL    PRESSURE   UPWARD FLUX   DOWNWARD FLUX    NET FLUX       HEATING RATE
             mb          W/m2          W/m2           W/m2          degree/day
  51         .06700      0.5698        0.0000         0.5697522            0.00000
  50         .07753      0.5698        0.0000         0.5697524            0.00020
  49         .09103      0.5698        0.0000         0.5697527            0.00018
  48        0.1069       0.5698        0.0000         0.5697530            0.00014
  47        0.1255       0.5698        0.0000         0.5697531            0.00007
  46        0.1487       0.5698        0.0000         0.5697530           -0.00005
  45        0.1794       0.5698        0.0000         0.5697521           -0.00024
  44        0.2165       0.5698        0.0000         0.5697497           -0.00054
  43        0.2613       0.5698        0.0000         0.5697446           -0.00096
  42        0.3336       0.5698        0.0000         0.5697304           -0.00166
  41        0.4307       0.5697        0.0000         0.5697009           -0.00256
  40        0.5894       0.5697        0.0001         0.5696249           -0.00404
  39        1.339        0.5694        0.0005         0.5688731           -0.00846
  38        1.782        0.5692        0.0009         0.5683061           -0.01079
  37        2.292        0.5690        0.0013         0.5676779           -0.01041
  36        2.964        0.5688        0.0019         0.5669226           -0.00948
  35        3.853        0.5686        0.0025         0.5660718           -0.00807
  34        5.035        0.5686        0.0033         0.5652321           -0.00600
  33        6.613        0.5687        0.0042         0.5645516           -0.00364
  32        8.786        0.5692        0.0051         0.5641876           -0.00141
  31       11.80         0.5702        0.0059         0.5642561            0.00019
  30       15.07         0.5712        0.0065         0.5646803            0.00110
  29       18.79         0.5724        0.0070         0.5653781            0.00158
  28       23.16         0.5738        0.0075         0.5662989            0.00178
  27       28.12         0.5753        0.0079         0.5673581            0.00180
  26       33.73         0.5767        0.0082         0.5684497            0.00164
  25       40.54         0.5781        0.0085         0.5696076            0.00144
  24       48.69         0.5796        0.0088         0.5708302            0.00127
  23       57.69         0.5809        0.0090         0.5719793            0.00108
  22       68.43         0.5822        0.0091         0.5731113            0.00089
  21       81.20         0.5833        0.0092         0.5740880            0.00065
  20       96.49         0.5842        0.0093         0.5748814            0.00044
  19      114.6          0.5868        0.0099         0.5769722            0.00098
  18      136.5          0.5905        0.0102         0.5803289            0.00129
  17      162.9          0.5958        0.0105         0.5852928            0.00159
  16      196.4          0.6047        0.0112         0.5934732            0.00206
  15      218.7          0.6115        0.0124         0.5990769            0.00213
  14      243.0          0.6197        0.0146         0.6050464            0.00207
  13      269.0          0.6293        0.0181         0.6112115            0.00200
  12      297.5          0.7180        0.0382         0.6798662            0.02036
  11      328.5          0.8351        0.0598         0.7753084            0.02595
  10      361.9          0.8557        0.0687         0.7869717            0.00295
   9      398.1          0.8798        0.0814         0.7984075            0.00266
   8      437.6          0.9077        0.0989         0.8088679            0.00224
   7      480.5          0.9394        0.1224         0.8169671            0.00159
   6      533.0          0.9798        0.1584         0.8213686            0.00071
   5      589.8          1.0238        0.2067         0.8171114           -0.00063
   4      651.6          1.1790        0.4453         0.7337402           -0.01140
   3      718.7          1.3977        0.5882         0.8094807            0.00952
   2      792.3          1.4854        0.6848         0.8005631           -0.00102
   1      891.5          1.5935        0.8558         0.7376872           -0.00535
   0     1013.0          1.6814        1.1156         0.5658099           -0.01193

 Wavenumbers: 2250.0 - 2380.0 cm-1, ATM      1
 LEVEL    PRESSURE   UPWARD FLUX   DOWNWARD FLUX    NET FLUX       HEATING RATE
             mb          W/m2          W/m2           W/m2          degree/day
  51         .06700      0.0801        0.0000         0.0801288            0.00000
  50         .07753      0.0804        0.0008         0.0796366           -0.39447
  49         .09103      0.0808        0.0012         0.0795943           -0.02647
  48        0.1069       0.0813        0.0017         0.0796321            0.02011
  47        0.1255       0.0820        0.0023         0.0796664            0.01558
  46        0.1487       0.0828        0.0032         0.0796238           -0.01552
  45        0.1794       0.0838        0.0042         0.0796128           -0.00304
  44        0.2165       0.0851        0.0055         0.0795990           -0.00314
  43        0.2613       0.0866        0.0071         0.0794997           -0.01872
  42        0.3336       0.0885        0.0093         0.0792190           -0.03272
  41        0.4307       0.0908        0.0120         0.0787551           -0.04033
  40        0.5894       0.0931        0.0157         0.0774149           -0.07127
  39        1.339        0.0905        0.0252         0.0653702           -0.13560
  38        1.782        0.0835        0.0265         0.0569443           -0.16041
  37        2.292        0.0769        0.0286         0.0482825           -0.14346
  36        2.964        0.0703        0.0319         0.0383819           -0.12428
  35        3.853        0.0637        0.0365         0.0272363           -0.10577
  34        5.035        0.0570        0.0418         0.0152442           -0.08567
  33        6.613        0.0503        0.0469         0.0034069           -0.06328
  32        8.786        0.0438        0.0502        -0.0064110           -0.03813
  31       11.80         0.0375        0.0494        -0.0118297           -0.01517
  30       15.07         0.0328        0.0443        -0.0114778            0.00091
  29       18.79         0.0293        0.0370        -0.0076259            0.00873
  28       23.16         0.0269        0.0300        -0.0031041            0.00874
  27       28.12         0.0248        0.0251        -0.0003025            0.00476
  26       33.73         0.0231        0.0219         0.0011610            0.00220
  25       40.54         0.0215        0.0197         0.0017986            0.00079
  24       48.69         0.0198        0.0177         0.0021578            0.00037
  23       57.69         0.0184        0.0161         0.0023867            0.00021
  22       68.43         0.0171        0.0145         0.0025480            0.00013
  21       81.20         0.0159        0.0133         0.0026761            0.00008
  20       96.49         0.0150        0.0122         0.0028127            0.00008
  19      114.6          0.0150        0.0122         0.0028849            0.00003
  18      136.5          0.0151        0.0122         0.0029022            0.00001
  17      162.9          0.0152        0.0122         0.0029667            0.00002
  16      196.4          0.0192        0.0160         0.0032352            0.00007
  15      218.7          0.0250        0.0217         0.0033260            0.00003
  14      243.0          0.0325        0.0291         0.0033868            0.00002
  13      269.0          0.0421        0.0387         0.0034484            0.00002
  12      297.5          0.0546        0.0508         0.0038166            0.00011
  11      328.5          0.0702        0.0659         0.0043279            0.00014
  10      361.9          0.0892        0.0848         0.0044199            0.00002
   9      398.1          0.1127        0.1082         0.0045076            0.00002
   8      437.6          0.1415        0.1369         0.0045894            0.00002
   7      480.5          0.1764        0.1718         0.0046408            0.00001
   6      533.0          0.2216        0.2170         0.0046605            0.00000
   5      589.8          0.2757        0.2711         0.0046609            0.00000
   4      651.6          0.3412        0.3370         0.0042633           -0.00005
   3      718.7          0.4195        0.4149         0.0046615            0.00005
   2      792.3          0.5114        0.5068         0.0045700           -0.00001
   1      891.5          0.6159        0.6117         0.0041623           -0.00003
   0     1013.0          0.7457        0.7426         0.0030695           -0.00008

 Wavenumbers: 2380.0 - 2600.0 cm-1, ATM      1
 LEVEL    PRESSURE   UPWARD FLUX   DOWNWARD FLUX    NET FLUX       HEATING RATE
             mb          W/m2          W/m2           W/m2          degree/day
  51         .06700      0.3261        0.0000         0.3260772            0.00000
  50         .07753      0.3261        0.0000         0.3260747           -0.00197
  49         .09103      0.3261        0.0000         0.3260745           -0.00013
  48        0.1069       0.3261        0.0000         0.3260747            0.00010
  47        0.1255       0.3261        0.0000         0.3260748            0.00008
  46        0.1487       0.3261        0.0000         0.3260746           -0.00008
  45        0.1794       0.3261        0.0000         0.3260746           -0.00002
  44        0.2165       0.3261        0.0000         0.3260745           -0.00002
  43        0.2613       0.3261        0.0000         0.3260740           -0.00009
  42        0.3336       0.3261        0.0000         0.3260726           -0.00016
  41        0.4307       0.3261        0.0001         0.3260703           -0.00020
  40        0.5894       0.3261        0.0001         0.3260636           -0.00036
  39        1.339        0.3261        0.0001         0.3260034           -0.00068
  38        1.782        0.3261        0.0001         0.3259612           -0.00080
  37        2.292        0.3261        0.0001         0.3259179           -0.00072
  36        2.964        0.3260        0.0002         0.3258684           -0.00062
  35        3.853        0.3260        0.0002         0.3258127           -0.00053
  34        5.035        0.3260        0.0002         0.3257527           -0.00043
  33        6.613        0.3259        0.0002         0.3256936           -0.00032
  32        8.786        0.3259        0.0003         0.3256445           -0.00019
  31       11.80         0.3259        0.0002         0.3256174           -0.00008
  30       15.07         0.3258        0.0002         0.3256191            0.00000
  29       18.79         0.3258        0.0002         0.3256384            0.00004
  28       23.16         0.3258        0.0001         0.3256610            0.00004
  27       28.12         0.3258        0.0001         0.3256750            0.00002
  26       33.73         0.3258        0.0001         0.3256823            0.00001
  25       40.54         0.3258        0.0001         0.3256855            0.00000
  24       48.69         0.3258        0.0001         0.3256873            0.00000
  23       57.69         0.3258        0.0001         0.3256884            0.00000
  22       68.43         0.3258        0.0001         0.3256893            0.00000
  21       81.20         0.3258        0.0001         0.3256899            0.00000
  20       96.49         0.3258        0.0001         0.3256906            0.00000
  19      114.6          0.3265        0.0006         0.3258869            0.00009
  18      136.5          0.3276        0.0008         0.3267939            0.00035
  17      162.9          0.3291        0.0008         0.3282721            0.00047
  16      196.4          0.3317        0.0010         0.3307126            0.00061
  15      218.7          0.3338        0.0014         0.3323927            0.00064
  14      243.0          0.3363        0.0020         0.3342892            0.00066
  13      269.0          0.3393        0.0028         0.3364319            0.00070
  12      297.5          0.3740        0.0071         0.3668979            0.00904
  11      328.5          0.4178        0.0120         0.4058323            0.01059
  10      361.9          0.4234        0.0139         0.4095530            0.00094
   9      398.1          0.4299        0.0165         0.4134837            0.00092
   8      437.6          0.4373        0.0199         0.4174827            0.00086
   7      480.5          0.4457        0.0244         0.4212919            0.00075
   6      533.0          0.4561        0.0311         0.4250131            0.00060
   5      589.8          0.4675        0.0401         0.4274373            0.00036
   4      651.6          0.5395        0.1149         0.4245775           -0.00039
   3      718.7          0.6227        0.1594         0.4633541            0.00487
   2      792.3          0.6403        0.1774         0.4629322           -0.00005
   1      891.5          0.6591        0.2066         0.4524895           -0.00089
   0     1013.0          0.6752        0.2525         0.4226268           -0.00207

 Wavenumbers: 2600.0 - 3250.0 cm-1, ATM      1
 LEVEL    PRESSURE   UPWARD FLUX   DOWNWARD FLUX    NET FLUX       HEATING RATE
             mb          W/m2          W/m2           W/m2          degree/day
  51         .06700      0.1928        0.0000         0.1928023            0.00000
  50         .07753      0.1928        0.0000         0.1928023            0.00000
  49         .09103      0.1928        0.0000         0.1928023            0.00001
  48        0.1069       0.1928        0.0000         0.1928023            0.00000
  47        0.1255       0.1928        0.0000         0.1928023            0.00000
  46        0.1487       0.1928        0.0000         0.1928023           -0.00001
  45        0.1794       0.1928        0.0000         0.1928022           -0.00002
  44        0.2165       0.1928        0.0000         0.1928021           -0.00003
  43        0.2613       0.1928        0.0000         0.1928018           -0.00005
  42        0.3336       0.1928        0.0000         0.1928012           -0.00007
  41        0.4307       0.1928        0.0000         0.1928000           -0.00010
  40        0.5894       0.1928        0.0000         0.1927972           -0.00015
  39        1.339        0.1928        0.0000         0.1927737           -0.00026
  38        1.782        0.1928        0.0000         0.1927577           -0.00030
  37        2.292        0.1928        0.0000         0.1927418           -0.00026
  36        2.964        0.1928        0.0000         0.1927246           -0.00022
  35        3.853        0.1928        0.0001         0.1927067           -0.00017
  34        5.035        0.1928        0.0001         0.1926887           -0.00013
  33        6.613        0.1928        0.0001         0.1926718           -0.00009
  32        8.786        0.1927        0.0001         0.1926573           -0.00006
  31       11.80         0.1928        0.0001         0.1926469           -0.00003
  30       15.07         0.1928        0.0001         0.1926437           -0.00001
  29       18.79         0.1928        0.0001         0.1926470            0.00001
  28       23.16         0.1928        0.0001         0.1926569            0.00002
  27       28.12         0.1928        0.0002         0.1926732            0.00003
  26       33.73         0.1929        0.0002         0.1926976            0.00004
  25       40.54         0.1929        0.0002         0.1927357            0.00005
  24       48.69         0.1930        0.0002         0.1927934            0.00006
  23       57.69         0.1931        0.0002         0.1928699            0.00007
  22       68.43         0.1932        0.0002         0.1929754            0.00008
  21       81.20         0.1934        0.0003         0.1931181            0.00009
  20       96.49         0.1936        0.0003         0.1933074            0.00010
  19      114.6          0.1939        0.0003         0.1935550            0.00012
  18      136.5          0.1942        0.0004         0.1938774            0.00012
  17      162.9          0.1947        0.0004         0.1943019            0.00014
  16      196.4          0.1954        0.0005         0.1949145            0.00015
  15      218.7          0.1959        0.0005         0.1953264            0.00016
  14      243.0          0.1964        0.0006         0.1957998            0.00016
  13      269.0          0.1972        0.0008         0.1963697            0.00018
  12      297.5          0.2238        0.0033         0.2204703            0.00715
  11      328.5          0.2594        0.0062         0.2532054            0.00890
  10      361.9          0.2615        0.0070         0.2544958            0.00033
   9      398.1          0.2642        0.0084         0.2557831            0.00030
   8      437.6          0.2676        0.0106         0.2569031            0.00024
   7      480.5          0.2717        0.0142         0.2575340            0.00012
   6      533.0          0.2774        0.0202         0.2572742           -0.00004
   5      589.8          0.2841        0.0287         0.2553738           -0.00028
   4      651.6          0.3320        0.0889         0.2430575           -0.00168
   3      718.7          0.4095        0.1241         0.2853859            0.00532
   2      792.3          0.4285        0.1439         0.2845895           -0.00009
   1      891.5          0.4532        0.1776         0.2755871           -0.00077
   0     1013.0          0.4791        0.2346         0.2445746           -0.00215

  Modules and versions used in this calculation:

       rrtmg_lw.1col.f90:  $Revision: 1.10 $             rrtmg_lw_init.f90:  $Revision: 1.5 $  
     rrtmglw_cldprop.f90:  NOT USED                    rrtmglw_cldprmc.f90:  $Revision: 1.8 $  
       rrtmg_lw_rtrn.f90:  NOT USED                    rrtmg_lw_rtrnmr.f90:  NOT USED          
     rrtmg_lw_rtrnmc.f90:  $Revision: 1.7 $            rrtmglw_setcoef.f90:  $Revision: 1.5 $  
     rrtmg_lw_taumol.f90:  $Revision: 1.7 $                       rrtatm.f:  NOT USED          
              util_xxx.f:  NOT USED                                extra.f:  NOT USED          
        rrtmg_lw_k_g.f90:  $Revision: 1.4 $  
