TAPE5 FOR MLW
0        1         2         3         4         5         6         7         8         9
123456789-123456789-123456789-123456789-123456789-123456789-123456789-123456789-123456789-
$ STANDARD MID-LATITUDE WINTER ATMOSPHERE (CO2=355ppm)                          
 HI=1 F4=1 CN=1 AE 0 EM=0 SC=0 FI=0 PL=0 TS=0 AM=0 MG=1 LA=0    1        00   00  1 0    0   00   00
              0       0.0
           1  0 0.8
 1 60   7  1.000000MIDLATITUDE SUMM H1=    0.00 H2=   70.00 ANG=   0.000 LEN= 0
  1005.0           271.84              1   0.00  1018.00 272.20   0.20  992.05 271.48
  4.2412458E-03  3.5630865E-04  2.7951165E-08  3.2024860E-07  1.4961067E-07  1.7013191E-06  0.2100461      4.3080000E+23
   979.0900        271.12              1                          0.41966.1450 270.75
  4.0487489E-03  3.5634849E-04  2.7980500E-08  3.2022996E-07  1.4856617E-07  1.7012237E-06  0.2100369      4.3119999E+23
   953.2200        270.38              1                          0.63940.3010 270.00
  3.8616771E-03  3.5633580E-04  2.8020038E-08  3.2020998E-07  1.4747822E-07  1.7011165E-06  0.2099215      4.3150000E+23
   927.4000        269.61              1                          0.85914.5130 269.23
  3.6771239E-03  3.5619282E-04  2.8067555E-08  3.2019167E-07  1.4637388E-07  1.7010157E-06  0.2099124      4.3190000E+23
   901.6800        268.83              1                          1.07888.7870 268.44
  3.4984786E-03  3.5608534E-04  2.8105241E-08  3.2017294E-07  1.4527501E-07  1.7009195E-06  0.2098720      4.3049999E+23
   875.9500        268.04              1                          1.30863.1260 267.64
  3.3309143E-03  3.5601226E-04  2.8207410E-08  3.2017144E-07  1.4412289E-07  1.7009137E-06  0.2097995      4.2729998E+23
   850.3200        267.23              1                          1.54837.5270 266.81
  3.1671703E-03  3.5605274E-04  2.8310625E-08  3.2017542E-07  1.4291710E-07  1.7009306E-06  0.2097904      4.2770001E+23
   824.7500        266.39              1                          1.78811.9890 265.96
  3.0092644E-03  3.5590868E-04  2.8413655E-08  3.2017880E-07  1.4169581E-07  1.7009485E-06  0.2097813      4.2810000E+23
   799.3000        265.53              1                          2.03786.5880 265.09
  2.8537449E-03  3.5593106E-04  2.8555966E-08  3.2018210E-07  1.4045997E-07  1.7009612E-06  0.2096327      4.2660002E+23
   774.1600        264.66              1                          2.28761.7410 264.23
  2.6766637E-03  3.5587026E-04  2.9095830E-08  3.2019977E-07  1.3920345E-07  1.7010624E-06  0.2096274      4.1379999E+23
   749.3300        263.78              1                          2.53736.9430 263.33
  2.4876730E-03  3.5570865E-04  2.9966451E-08  3.2022942E-07  1.3795514E-07  1.7012180E-06  0.2096889      4.1440002E+23
   724.5600        262.87              1                          2.80712.1930 262.41
  2.3083352E-03  3.5567014E-04  3.0885641E-08  3.2026099E-07  1.3667002E-07  1.7013839E-06  0.2097103      4.1509998E+23
   699.8400        261.91              1                          3.07687.4240 261.28
  2.1313566E-03  3.5567014E-04  3.1856167E-08  3.2029254E-07  1.3535808E-07  1.7015284E-06  0.2097103      4.1509998E+23
   674.9600        260.44              1                          3.35662.5130 259.60
  1.8919255E-03  3.5546304E-04  3.2838379E-08  3.2029905E-07  1.3424292E-07  1.7009622E-06  0.2095783      4.1430000E+23
   650.0800        258.73              1                          3.64637.6660 257.86
  1.6451890E-03  3.5542916E-04  3.3853109E-08  3.2029541E-07  1.3318157E-07  1.7000850E-06  0.2096121      4.1610000E+23
   625.2600        256.96              1                          3.94612.8870 256.06
  1.4236617E-03  3.5539558E-04  3.4953533E-08  3.2028768E-07  1.3209066E-07  1.6991603E-06  0.2094565      4.1800001E+23
   600.5400        255.14              1                          4.25588.1290 254.22
  1.2326589E-03  3.5536112E-04  3.6742346E-08  3.2027546E-07  1.3124397E-07  1.6974720E-06  0.2094639      4.1270000E+23
   575.7700        253.27              1                          4.57563.4340 252.31
  1.0737138E-03  3.5522511E-04  4.0039378E-08  3.2025315E-07  1.3093459E-07  1.6942410E-06  0.2093838      4.1289999E+23
   551.1100        251.32              1                          4.90538.8170 250.32
  9.3069056E-04  3.5524723E-04  4.3848747E-08  3.2021907E-07  1.3062819E-07  1.6908128E-06  0.2093387      4.1489999E+23
   526.6300        249.31              1                          5.23514.3470 248.29
  8.0064323E-04  3.5511155E-04  4.7876306E-08  3.2019159E-07  1.3027231E-07  1.6869693E-06  0.2092415      4.0910000E+23
   502.1500        247.25              1                          5.59489.9860 246.19
  6.7902962E-04  3.5511912E-04  5.1562054E-08  3.2020230E-07  1.2976682E-07  1.6819162E-06  0.2093497      4.0769999E+23
   477.8300        245.09              1                          5.95465.7070 243.98
  5.7183154E-04  3.5512936E-04  5.5640786E-08  3.2020105E-07  1.2922654E-07  1.6765107E-06  0.2091831      4.1000000E+23
   453.7600        242.87              1                          6.33441.7880 241.74
  4.5922672E-04  3.5506402E-04  6.0972795E-08  3.2021887E-07  1.2830304E-07  1.6699094E-06  0.2093155      3.9909999E+23
   429.8600        240.57              1                          6.72417.9800 239.39
  3.4032992E-04  3.5495500E-04  6.8421727E-08  3.2028200E-07  1.2674933E-07  1.6613831E-06  0.2092970      3.9990001E+23
   406.1100        238.17              1                          7.13394.1530 236.93
  2.4828559E-04  3.5489074E-04  7.7165581E-08  3.2031593E-07  1.2509076E-07  1.6524885E-06  0.2092693      4.0109999E+23
   382.1600        235.64              1                          7.56370.2120 234.34
  1.7941484E-04  3.5499933E-04  8.6854392E-08  3.2010092E-07  1.2264371E-07  1.6435120E-06  0.2092877      4.0030000E+23
   358.2800        232.98              1                          8.02346.3700 231.59
  1.2758962E-04  3.5492791E-04  9.8120204E-08  3.1976731E-07  1.1985092E-07  1.6340562E-06  0.2091504      4.0289999E+23
   334.4300        230.17              1                          8.50322.5370 228.72
  9.1435788E-05  3.5483434E-04  1.1565338E-07  3.1882328E-07  1.1614736E-07  1.6261506E-06  0.2090528      3.9859998E+23
   310.6600        227.19              1                          9.01298.8280 225.64
  6.5973414E-05  3.5487791E-04  1.4185269E-07  3.1730664E-07  1.1167113E-07  1.6195620E-06  0.2091456      4.0140000E+23
   287.0200        224.04              1                          9.55275.2760 222.42
  4.7045673E-05  3.5480360E-04  1.7609440E-07  3.1467866E-07  1.0669426E-07  1.6062171E-06  0.2091812      3.9299999E+23
   263.5900        220.78              1                         10.12251.9000 219.64
  3.2961048E-05  3.5484190E-04  2.2187632E-07  3.1090252E-07  1.0127796E-07  1.5861899E-06  0.2092606      3.9470001E+23
   240.3500        219.49              1                         10.74228.8000 219.33
  1.8942779E-05  3.5492273E-04  2.8552557E-07  3.0522409E-07  9.5331835E-08  1.5642674E-06  0.2092090      3.8840002E+23
   217.5500        219.16              1                         11.41206.2920 218.99
  1.0027791E-05  3.5480707E-04  3.7215037E-07  2.9900693E-07  8.8730005E-08  1.5407986E-06  0.2091648      3.7829999E+23
   195.2800        218.82              1                         12.14184.2700 218.63
  6.8285699E-06  3.5488067E-04  4.8150179E-07  2.9498977E-07  8.0689119E-08  1.5169079E-06  0.2091703      3.7020000E+23
   173.5300        218.44              1                         12.93162.7930 218.23
  5.4600682E-06  3.5498088E-04  6.1324801E-07  2.8976618E-07  7.0308182E-08  1.4936464E-06  0.2091243      3.6210000E+23
   152.1300        218.01              1                         13.83141.4750 217.78
  4.9304176E-06  3.5478722E-04  7.3868068E-07  2.8396889E-07  5.8520182E-08  1.4696064E-06  0.2091458      3.5850001E+23
   131.0900        217.54              1                         14.84120.6990 217.28
  4.7736971E-06  3.5479874E-04  8.3216850E-07  2.7771353E-07  4.6615423E-08  1.4426461E-06  0.2091636      3.4889999E+23
   110.0300        216.98              1                         16.08 99.3763 216.66
  4.6576024E-06  3.5493841E-04  9.8814326E-07  2.6751525E-07  3.5467146E-08  1.4087905E-06  0.2091295      3.5880002E+23
   88.55700        216.28              1                         17.65 77.7441 215.87
  4.5324286E-06  3.5480587E-04  1.3564834E-06  2.4453894E-07  2.5831982E-08  1.3625239E-06  0.2091191      3.6539999E+23
   66.84000        215.44              1                         19.74 55.9740 215.20
  4.5018287E-06  3.5497671E-04  2.1238293E-06  1.9703650E-07  1.7208967E-08  1.2948932E-06  0.2091304      3.6699999E+23
   47.77000        215.20              1                         21.93 39.5582 215.20
  4.5098127E-06  3.5493632E-04  3.3228691E-06  1.4413278E-07  1.2745368E-08  1.1672612E-06  0.2092060      2.7569999E+23
   33.74000        215.20              1                         24.14 27.9543 215.20
  4.5600468E-06  3.5485745E-04  4.2873262E-06  1.1351445E-07  1.3102882E-08  9.7571319E-07  0.2091525      1.9710000E+23
   23.75100        215.25              1                         26.40 19.5633 215.37
  4.6525220E-06  3.5485905E-04  5.1054026E-06  9.6620461E-08  1.4958035E-08  7.9660356E-07  0.2091983      1.4120000E+23
   16.61100        215.67              1                         28.69 13.6528 216.40
  4.7029721E-06  3.5490535E-04  5.5957903E-06  8.6760714E-08  1.5989015E-08  7.1486375E-07  0.2091180      9.9610004E+22
   11.55100        217.33              1                         31.04  9.4668 218.64
  4.7499075E-06  3.5487299E-04  6.0741104E-06  7.5916816E-08  1.7034901E-08  6.4947210E-07  0.2091435      7.0680001E+22
   8.012700        220.27              1                         33.44  6.5597 223.22
  4.7975609E-06  3.5490119E-04  6.6807752E-06  6.3220234E-08  1.8319016E-08  5.8362116E-07  0.2091040      4.9450001E+22
   5.563400        226.60              1                         35.86  4.5727 230.50
  4.8444344E-06  3.5480366E-04  7.0396059E-06  5.2676029E-08  1.9720929E-08  5.1720036E-07  0.2090942      3.3599999E+22
   3.878700        234.07              1                         38.37  3.1862 238.17
  4.8934967E-06  3.5491295E-04  7.1654772E-06  4.1700083E-08  2.1212207E-08  4.5857450E-07  0.2091499      2.3520000E+22
   2.705100        241.86              1                         40.94  2.2262 246.06
  4.9445725E-06  3.5485439E-04  6.9097860E-06  3.1426676E-08  2.3057986E-08  4.0228403E-07  0.2091860      1.6289999E+22
   1.892000        249.82              1                         43.59  1.5575 254.15
  4.9954083E-06  3.5484336E-04  5.9942113E-06  2.1809312E-08  2.5939116E-08  3.4607882E-07  0.2092398      1.1340000E+22
   1.324600        257.92              1                         46.29  1.0952 261.91
  5.0042290E-06  3.5487636E-04  4.6998771E-06  1.3587803E-08  3.0582985E-08  2.9039154E-07  0.2091290      7.8699998E+21
  0.9341700        264.40              1                         49.04  0.7717 265.47
  4.9953369E-06  3.5488277E-04  3.6435395E-06  7.8685645E-09  4.0297842E-08  2.3711381E-07  0.2090838      5.5090001E+21
  0.6569500        265.11              1                         51.81  0.5428 263.85
  4.9473138E-06  3.5486289E-04  2.6813218E-06  4.2004324E-09  6.6692763E-08  1.9334473E-07  0.2090902      3.8829999E+21
  0.4624900        262.52              1                         54.57  0.3824 261.04
  4.8919128E-06  3.5491475E-04  2.0465698E-06  3.1384291E-09  1.0794849E-07  1.7069641E-07  0.2091902      2.7549999E+21
  0.3263400        258.93              1                         57.24  0.2701 256.22
  4.7917897E-06  3.5486603E-04  1.5627203E-06  2.4786817E-09  1.6663262E-07  1.5649822E-07  0.2091641      1.9070000E+21
  0.2303300        253.75              1                         59.89  0.1908 251.02
  4.6058562E-06  3.5489362E-04  1.1785387E-06  2.0297701E-09  2.3975809E-07  1.5232605E-07  0.2091254      1.3650000E+21
  0.1630100        248.65              1                         62.41  0.1353 246.02
  4.3906930E-06  3.5484004E-04  8.8268246E-07  1.6930976E-09  3.3830005E-07  1.5011784E-07  0.2091848      9.3940001E+20
  0.1155000        243.66              1                         64.93  0.0959 241.03
  4.1380686E-06  3.5490820E-04  6.5290044E-07  1.4449293E-09  4.6862471E-07  1.5011086E-07  0.2091194      6.7779998E+20
  8.2487002E-02    238.78              1                         67.26  0.0692 236.30
  3.8483890E-06  3.5483571E-04  4.9340548E-07  1.2506213E-09  6.4306954E-07  1.5011787E-07  0.2091554      4.5579999E+20
  3.4809999E-02    223.62              1                        100.00  0.0004 218.60
  2.8276031E-06  3.5485748E-04  3.3777127E-07  8.7909668E-10  1.9273834E-06  1.4955924E-07  0.2076479      1.1820000E+21
%%%%%                                                                           
