TAPE5 FOR TROPICAL
0        1         2         3         4         5         6         7         8         9
123456789-123456789-123456789-123456789-123456789-123456789-123456789-123456789-123456789-
$  TROPICAL ATMOSPHERE ADJUSTED TO RIDGEWAY'S GLA MODEL (CO2=355ppm)            
 HI=1 F4=1 CN=1 AE 0 EM=0 SC=0 FI=0 PL=0 TS=0 AM=0 MG=1 LA=0    1        00   00  1 0    0   00   00
              0       0.0
           1  0 0.8
 1 60 7    1.000000  ADJUSTED H2O P  H1=    0.00 H2=  100.00 ANG=   0.000 LEN= 0
  1001.1         299.38                1    0.00 1013.00 300.00   0.21  989.23 298.75
  2.5574444E-02  3.6392841E-04  3.1277953E-08  3.2001682E-07  1.4947683E-07  1.7000903E-06  0.2143382      3.8689999E+23
   977.3300        298.11              1                          0.42965.4500 297.47
  2.4047768E-02  3.6333918E-04  3.1895571E-08  3.2000938E-07  1.4841285E-07  1.7000505E-06  0.2140493      3.8939999E+23
   953.5500        296.82              1                          0.64941.6750 296.17
  2.2599619E-02  3.6295751E-04  3.2545856E-08  3.2002228E-07  1.4734151E-07  1.7001209E-06  0.2137639      3.9190000E+23
   929.7800        295.51              1                          0.87917.9000 294.84
  2.1188729E-02  3.6238108E-04  3.3248167E-08  3.2005738E-07  1.4623787E-07  1.7003082E-06  0.2134819      3.9440000E+23
   906.0600        294.17              1                          1.09894.1250 293.49
  1.9868979E-02  3.6196201E-04  3.3960141E-08  3.2010632E-07  1.4514420E-07  1.7005700E-06  0.2132242      3.9389999E+23
   882.2300        292.80              1                          1.33870.3500 292.12
  1.8766796E-02  3.6157132E-04  3.4732519E-08  3.2010948E-07  1.4396556E-07  1.7005830E-06  0.2128897      3.9209999E+23
   858.4500        291.43              1                          1.57846.5750 290.74
  1.7742543E-02  3.6107490E-04  3.5528970E-08  3.2010968E-07  1.4273397E-07  1.7005837E-06  0.2126552      3.9450002E+23
   834.6800        290.06              1                          1.81822.8000 289.39
  1.6748564E-02  3.6090915E-04  3.6388368E-08  3.2012048E-07  1.4151753E-07  1.7006412E-06  0.2125795      3.9690000E+23
   810.9500        288.74              1                          2.06799.0250 288.10
  1.5745709E-02  3.6049646E-04  3.7298204E-08  3.2013557E-07  1.4028777E-07  1.7007235E-06  0.2122549      3.9729999E+23
   787.1300        287.48              1                          2.32775.2500 286.88
  1.3926064E-02  3.5971825E-04  3.8415344E-08  3.2007662E-07  1.3897261E-07  1.7004111E-06  0.2119053      3.9330000E+23
   763.3600        286.28              1                          2.58751.4750 285.68
  1.1972188E-02  3.5910588E-04  3.9694843E-08  3.2005468E-07  1.3765450E-07  1.7002943E-06  0.2115200      3.9569999E+23
   739.5800        285.05              1                          2.85727.7000 284.40
  1.0248008E-02  3.5857133E-04  4.1067310E-08  3.2011584E-07  1.3635930E-07  1.7006147E-06  0.2111807      3.9800000E+23
   715.8800        283.68              1                          3.13703.9250 282.93
  8.7575903E-03  3.5788422E-04  4.2531170E-08  3.2022038E-07  1.3508038E-07  1.7011686E-06  0.2108604      3.9540001E+23
   692.0200        282.09              1                          3.41680.1500 281.23
  7.5812070E-03  3.5766099E-04  4.4084729E-08  3.2016118E-07  1.3396095E-07  1.7008546E-06  0.2105779      3.9270002E+23
   668.2500        280.30              1                          3.70656.3750 279.35
  6.5572890E-03  3.5727158E-04  4.5755485E-08  3.2012059E-07  1.3288680E-07  1.7006437E-06  0.2103357      3.9589999E+23
   644.4800        278.36              1                          4.01632.6000 277.35
  5.6430190E-03  3.5681762E-04  4.7549307E-08  3.2013537E-07  1.3178993E-07  1.7007202E-06  0.2102534      3.9909999E+23
   620.7000        276.32              1                          4.31608.8250 275.28
  4.9111261E-03  3.5657219E-04  4.9491657E-08  3.2017559E-07  1.3112822E-07  1.7009312E-06  0.2100192      3.9440000E+23
   596.9200        274.21              1                          4.63585.0500 273.13
  4.3202075E-03  3.5637742E-04  5.1580418E-08  3.2020478E-07  1.3086064E-07  1.7010881E-06  0.2098557      3.9780000E+23
   573.1500        272.02              1                          4.97561.2750 270.91
  3.7816372E-03  3.5631252E-04  5.3860280E-08  3.2022589E-07  1.3057252E-07  1.7011988E-06  0.2098503      4.0120000E+23
   549.4000        269.76              1                          5.31537.5000 268.61
  3.2615326E-03  3.5613059E-04  5.6457289E-08  3.2023900E-07  1.3018688E-07  1.7012699E-06  0.2096414      3.9530000E+23
   525.5900        267.42              1                          5.66513.7250 266.22
  2.7517511E-03  3.5578199E-04  5.9462444E-08  3.2025147E-07  1.2967384E-07  1.7013375E-06  0.2096572      3.9790002E+23
   501.8400        264.99              1                          6.03489.9500 263.75
  2.3061140E-03  3.5566537E-04  6.2763320E-08  3.2026296E-07  1.2913617E-07  1.7013938E-06  0.2095393      4.0120000E+23
   478.0400        262.47              1                          6.41466.1750 261.18
  1.9270921E-03  3.5562745E-04  6.7019805E-08  3.2024241E-07  1.2798955E-07  1.7010692E-06  0.2094493      3.9839999E+23
   454.2700        259.84              1                          6.82442.4000 258.50
  1.6040260E-03  3.5540300E-04  7.2239089E-08  3.2019307E-07  1.2634587E-07  1.7004116E-06  0.2093147      4.0249999E+23
   430.5700        257.11              1                          7.24418.6250 255.70
  1.3165665E-03  3.5535468E-04  7.7969119E-08  3.2015899E-07  1.2449169E-07  1.6997454E-06  0.2093104      4.0100001E+23
   406.7100        254.24              1                          7.67394.8500 252.77
  1.0438104E-03  3.5529776E-04  8.3658627E-08  3.2024360E-07  1.2194513E-07  1.6993869E-06  0.2091959      4.0089999E+23
   383.0300        251.24              1                          8.13371.0750 249.69
  8.1393466E-04  3.5507476E-04  8.9960160E-08  3.2031670E-07  1.1918035E-07  1.6988964E-06  0.2091456      4.0140000E+23
   359.1600        248.08              1                          8.61347.3000 246.45
  6.1638100E-04  3.5507383E-04  9.8245089E-08  3.2013133E-07  1.1518821E-07  1.6971991E-06  0.2091257      3.9540001E+23
   335.4000        244.76              1                          9.12323.5250 243.03
  4.5555193E-04  3.5495500E-04  1.0818617E-07  3.1980628E-07  1.1068219E-07  1.6948344E-06  0.2090993      3.9999999E+23
   311.6100        241.23              1                          9.66299.7500 239.40
  3.0987617E-04  3.5498475E-04  1.1834132E-07  3.1912538E-07  1.0559612E-07  1.6912005E-06  0.2090683      4.0310002E+23
   287.9600        237.48              1                         10.24275.9750 235.53
  1.9815797E-04  3.5499202E-04  1.3054418E-07  3.1812024E-07  1.0015030E-07  1.6866396E-06  0.2089809      4.0179999E+23
   264.0500        233.48              1                         10.86252.2000 231.38
  1.1707857E-04  3.5498809E-04  1.5545619E-07  3.1600402E-07  9.4126229E-08  1.6808054E-06  0.2090618      3.9819999E+23
   240.3000        229.17              1                         11.53228.4250 226.90
  6.5176297E-05  3.5495349E-04  1.8674837E-07  3.1334858E-07  8.7374573E-08  1.6736436E-06  0.2090042      4.0249999E+23
   216.3600        224.50              1                         12.25202.8470 222.03
  3.3735549E-05  3.5490349E-04  2.1826565E-07  3.1022168E-07  7.9262733E-08  1.6644808E-06  0.2089987      4.0100001E+23
   190.7900        219.40              1                         13.04180.6200 216.68
  1.5093309E-05  3.5488800E-04  2.6853127E-07  3.0671509E-07  6.8733591E-08  1.6523270E-06  0.2089471      3.9280000E+23
   167.3400        213.76              1                         13.95156.8490 210.74
  7.4978211E-06  3.5481280E-04  3.6781034E-07  3.0264130E-07  5.6930414E-08  1.6369938E-06  0.2089302      4.0760001E+23
   144.0100        207.44              1                         14.94133.0500 204.01
  5.5368423E-06  3.5495224E-04  4.6700987E-07  2.9773685E-07  4.5363993E-08  1.6181289E-06  0.2090504      3.8310000E+23
   121.3600        200.24              1                         16.08109.5500 196.35
  5.2253235E-06  3.5492005E-04  5.4805605E-07  2.9127901E-07  3.4968934E-08  1.5947538E-06  0.2090129      3.9339998E+23
   97.69400        195.75              1                         17.51 85.7750 197.59
  5.2257224E-06  3.5489991E-04  6.8966364E-07  2.8050550E-07  2.6202688E-08  1.5605308E-06  0.2089127      4.0840000E+23
   73.87100        201.24              1                         19.44 62.0000 205.31
  5.2256360E-06  3.5480765E-04  1.2091419E-06  2.6091806E-07  1.8021105E-08  1.5035945E-06  0.2089073      4.0159999E+23
   53.11500        209.20              1                         21.52 44.2002 213.34
  5.2254122E-06  3.5493859E-04  2.1517330E-06  2.2952689E-07  1.3054352E-08  1.3940281E-06  0.2089902      3.0050000E+23
   37.83600        215.82              1                         23.68 31.5105 218.37
  5.2255182E-06  3.5487988E-04  3.1683603E-06  2.0096896E-07  1.2788414E-08  1.2298037E-06  0.2090207      2.1530000E+23
   26.97900        220.67              1                         25.89 22.4640 223.23
  5.2229661E-06  3.5487270E-04  4.5179690E-06  1.7973285E-07  1.4813613E-08  1.0790392E-06  0.2089703      1.5319999E+23
   19.23700        225.59              1                         28.15 16.0147 228.21
  5.2233804E-06  3.5486260E-04  5.7085017E-06  1.6243870E-07  1.6791542E-08  1.0020434E-06  0.2089642      1.0920000E+23
   13.71600        230.62              1                         30.46 11.4170 233.29
  5.2246901E-06  3.5488079E-04  6.6832158E-06  1.4666196E-07  1.9096062E-08  9.3612545E-07  0.2090282      7.7840000E+22
   9.780000        235.76              1                         32.83  8.1392 238.50
  5.2249579E-06  3.5487060E-04  7.6760671E-06  1.2548047E-07  2.1639439E-08  8.6094576E-07  0.2089983      5.5609998E+22
   6.972900        241.02              1                         35.24  5.8025 243.82
  5.2252826E-06  3.5479333E-04  8.5580696E-06  1.0219419E-07  2.3954939E-08  7.8065574E-07  0.2089715      3.9689998E+22
   4.971200        246.40              1                         37.72  4.1366 249.27
  5.2251248E-06  3.5485098E-04  8.7847930E-06  7.7598834E-08  2.6289054E-08  6.9840922E-07  0.2090329      2.8340000E+22
   3.544000        251.91              1                         40.26  2.9490 254.85
  5.2251012E-06  3.5486982E-04  8.0347145E-06  5.3942685E-08  2.9405454E-08  6.0555612E-07  0.2090431      2.0259999E+22
   2.527000        257.54              1                         42.85  2.1024 260.54
  5.2243386E-06  3.5487828E-04  6.5434278E-06  3.4061728E-08  3.3399377E-08  5.0191636E-07  0.2089516      1.4440000E+22
   1.800500        263.10              1                         45.47  1.4988 265.58
  5.2255859E-06  3.5487651E-04  4.9900382E-06  1.9738295E-08  3.8095209E-08  3.9767212E-07  0.2090390      1.0170001E+22
   1.283200        266.99              1                         48.17  1.0685 268.45
  5.2250793E-06  3.5491306E-04  3.7916313E-06  1.1133366E-08  4.3330637E-08  3.0221204E-07  0.2089816      7.3360001E+21
  0.9158600        269.48              1                         50.91  0.7617 270.00
  5.2252321E-06  3.5484225E-04  2.9445314E-06  5.7308074E-09  4.9495455E-08  2.2561743E-07  0.2090393      5.2760002E+21
  0.6521500        267.46              1                         53.61  0.5430 263.90
  5.2244004E-06  3.5478504E-04  2.3137236E-06  3.8993582E-09  5.4714608E-08  1.8932552E-07  0.2089972      3.7350001E+21
  0.4654400        260.39              1                         56.27  0.3871 256.54
  5.2235218E-06  3.5485558E-04  1.8362368E-06  3.0598148E-09  5.9634068E-08  1.6766728E-07  0.2090002      2.6669999E+21
  0.3313800        253.13              1                         58.89  0.2760 249.38
  5.2252967E-06  3.5487264E-04  1.5307094E-06  2.4932132E-09  6.4638272E-08  1.5749779E-07  0.2090119      1.9079999E+21
  0.2367100        246.06              1                         61.43  0.1968 242.42
  5.2244950E-06  3.5485925E-04  1.2794086E-06  2.0634852E-09  7.0545234E-08  1.5090848E-07  0.2089915      1.3540001E+21
  0.1683500        239.18              1                         63.91  0.1403 235.64
  5.2272958E-06  3.5490372E-04  1.0121538E-06  1.7559211E-09  8.0601083E-08  1.5016953E-07  0.2090918      9.7320001E+20
  0.1204100        232.49              1                         66.30  0.1000 229.05
  5.2260898E-06  3.5485657E-04  7.8883733E-07  1.5095625E-09  9.5264816E-08  1.5013414E-07  0.2090894      6.9039999E+20
  5.0064001E-02    221.65              1                        100.00  0.0003 229.05
  5.2249634E-06  3.5486207E-04  3.9831082E-07  1.0557022E-09  7.3221094E-07  1.4974047E-07  0.2080258      1.7090000E+21
%%%%%                                                                           
