$                                                                               
 HI=1 F4=1 CN=1 AE 0 EM=0 SC=0 FI=0 PL=0 TS=0 AM=1 MG=1 LA=0    1        00   00  1 0   98   00   00
              0   44.9843    0       0.0    1.0000      1.00      1.00
           1  0 0.8
    0    2  -48    1    0    7    1 0  0     0.000   110.000     0.000 0.0000000
 1013.0000 0.0000611 0.0000000       0.0       0.0    0            0.0
 1013.0000 902.00000 802.00000 710.00000 628.00000 554.00000 487.00000 426.00000
 372.00000 324.00000 281.00000 243.00000 209.00000 179.00000 153.00000 130.00000
 111.00000 95.000000 81.200000 69.500000 59.500000 51.000000 43.700000 37.600000
 32.200000 27.700000 19.070000 13.200000 9.3000000 6.5200000 4.6400000 3.3300000
 2.4100000 1.7600000 1.2900000 0.9510000 0.5150000 0.2720000 0.1390000 0.0670000
 0.0300000 0.0120000 0.0044800 0.0016400 0.0006250 0.0002580 0.0001170 0.0000611
   48    User defined Profile
     0.000 1013.0000   294.200     AA L AAAAAAA                               
 1.87600000e+04 3.30000000e+02 3.01700000e-02 3.20000000e-01 1.50000000e-01 1.70000000e+00 2.09000000e+05
     1.000 902.00000   289.700     AA L AAAAAAA                               
 1.37800000e+04 3.30000000e+02 3.33700000e-02 3.20000000e-01 1.45000000e-01 1.70000000e+00 2.09000000e+05
     2.000 802.00000   285.200     AA L AAAAAAA                               
 9.68000000e+03 3.30000000e+02 3.69400000e-02 3.20000000e-01 1.39900000e-01 1.70000000e+00 2.09000000e+05
     3.000 710.00000   279.200     AA L AAAAAAA                               
 5.98400000e+03 3.30000000e+02 4.22200000e-02 3.20000000e-01 1.34900000e-01 1.70000000e+00 2.09000000e+05
     4.000 628.00000   273.200     AA L AAAAAAA                               
 3.81300000e+03 3.30000000e+02 4.82100000e-02 3.20000000e-01 1.31200000e-01 1.69700000e+00 2.09000000e+05
     5.000 554.00000   267.200     AA L AAAAAAA                               
 2.22500000e+03 3.30000000e+02 5.51200000e-02 3.20000000e-01 1.30300000e-01 1.68700000e+00 2.09000000e+05
     6.000 487.00000   261.200     AA L AAAAAAA                               
 1.51000000e+03 3.30000000e+02 6.40800000e-02 3.20000000e-01 1.28800000e-01 1.67200000e+00 2.09000000e+05
     7.000 426.00000   254.700     AA L AAAAAAA                               
 1.02000000e+03 3.30000000e+02 7.76400000e-02 3.20000000e-01 1.24700000e-01 1.64900000e+00 2.09000000e+05
     8.000 372.00000   248.200     AA L AAAAAAA                               
 6.46400000e+02 3.30000000e+02 9.12600000e-02 3.19500000e-01 1.18500000e-01 1.62900000e+00 2.09000000e+05
     9.000 324.00000   241.700     AA L AAAAAAA                               
 4.12900000e+02 3.30000000e+02 1.11100000e-01 3.16300000e-01 1.09400000e-01 1.61500000e+00 2.09000000e+05
    10.000 281.00000   235.300     AA L AAAAAAA                               
 2.47200000e+02 3.30000000e+02 1.30400000e-01 3.09600000e-01 9.96200000e-02 1.57900000e+00 2.09000000e+05
    11.000 243.00000   228.800     AA L AAAAAAA                               
 9.55600000e+01 3.30000000e+02 1.79300000e-01 2.98900000e-01 8.96400000e-02 1.54200000e+00 2.09000000e+05
    12.000 209.00000   222.300     AA L AAAAAAA                               
 2.94400000e+01 3.30000000e+02 2.23000000e-01 2.93600000e-01 7.81400000e-02 1.50800000e+00 2.09000000e+05
    13.000 179.00000   215.800     AA L AAAAAAA                               
 8.00000000e+00 3.30000000e+02 3.00000000e-01 2.86000000e-01 6.37400000e-02 1.47900000e+00 2.09000000e+05
    14.000 153.00000   215.700     AA L AAAAAAA                               
 5.00000000e+00 3.30000000e+02 4.40000000e-01 2.80000000e-01 5.02500000e-02 1.45100000e+00 2.09000000e+05
    15.000 130.00000   215.700     AA L AAAAAAA                               
 3.40000000e+00 3.30000000e+02 5.00000000e-01 2.72400000e-01 3.94100000e-02 1.42200000e+00 2.09000000e+05
    16.000 111.00000   215.700     AA L AAAAAAA                               
 3.30000000e+00 3.30000000e+02 6.00000000e-01 2.61100000e-01 3.06900000e-02 1.39000000e+00 2.09000000e+05
    17.000 95.000000   215.700     AA L AAAAAAA                               
 3.20000000e+00 3.30000000e+02 7.00000000e-01 2.42100000e-01 2.48900000e-02 1.35600000e+00 2.09000000e+05
    18.000 81.200000   216.800     AA L AAAAAAA                               
 3.15000000e+00 3.30000000e+02 1.00000000e+00 2.17400000e-01 1.96600000e-02 1.32300000e+00 2.09000000e+05
    19.000 69.500000   217.900     AA L AAAAAAA                               
 3.20000000e+00 3.30000000e+02 1.50000000e+00 1.84300000e-01 1.54900000e-02 1.28100000e+00 2.09000000e+05
    20.000 59.500000   219.200     AA L AAAAAAA                               
 3.30000000e+00 3.30000000e+02 2.00000000e+00 1.60700000e-01 1.33100000e-02 1.22400000e+00 2.09000000e+05
    21.000 51.000000   220.400     AA L AAAAAAA                               
 3.45000000e+00 3.30000000e+02 2.40000000e+00 1.32300000e-01 1.23200000e-02 1.15400000e+00 2.09000000e+05
    22.000 43.700000   221.600     AA L AAAAAAA                               
 3.60000000e+00 3.30000000e+02 2.90000000e+00 1.14600000e-01 1.23200000e-02 1.06600000e+00 2.09000000e+05
    23.000 37.600000   222.800     AA L AAAAAAA                               
 3.85000000e+00 3.30000000e+02 3.40000000e+00 1.03500000e-01 1.30700000e-02 9.73000000e-01 2.09000000e+05
    24.000 32.200000   223.900     AA L AAAAAAA                               
 4.00000000e+00 3.30000000e+02 4.00000000e+00 9.62200000e-02 1.40000000e-02 8.80000000e-01 2.09000000e+05
    25.000 27.700000   225.100     AA L AAAAAAA                               
 4.20000000e+00 3.30000000e+02 4.80000000e+00 8.95800000e-02 1.52100000e-02 7.88800000e-01 2.09000000e+05
    27.500 19.070000   228.450     AA L AAAAAAA                               
 4.45000000e+00 3.30000000e+02 6.00000000e+00 8.00600000e-02 1.72200000e-02 7.04600000e-01 2.09000000e+05
    30.000 13.200000   233.700     AA L AAAAAAA                               
 4.70000000e+00 3.30000000e+02 7.00000000e+00 6.69800000e-02 1.99500000e-02 6.31500000e-01 2.09000000e+05
    32.500 9.3000000   239.000     AA L AAAAAAA                               
 4.85000000e+00 3.30000000e+02 8.10000000e+00 4.95800000e-02 2.26600000e-02 5.59200000e-01 2.09000000e+05
    35.000 6.5200000   245.200     AA L AAAAAAA                               
 4.95000000e+00 3.30000000e+02 8.90000000e+00 3.69500000e-02 2.48700000e-02 5.00800000e-01 2.09000000e+05
    37.500 4.6400000   251.300     AA L AAAAAAA                               
 5.00000000e+00 3.30000000e+02 8.70000000e+00 2.51900000e-02 2.71600000e-02 4.45300000e-01 2.09000000e+05
    40.000 3.3300000   257.500     AA L AAAAAAA                               
 5.10000000e+00 3.30000000e+02 7.55000000e+00 1.73600000e-02 2.96200000e-02 3.91600000e-01 2.09000000e+05
    42.500 2.4100000   263.700     AA L AAAAAAA                               
 5.30000000e+00 3.30000000e+02 5.90000000e+00 1.15800000e-02 3.13800000e-02 3.38900000e-01 2.09000000e+05
    45.000 1.7600000   269.900     AA L AAAAAAA                               
 5.45000000e+00 3.30000000e+02 4.50000000e+00 7.66500000e-03 3.30700000e-02 2.87300000e-01 2.09000000e+05
    47.500 1.2900000   275.200     AA L AAAAAAA                               
 5.50000000e+00 3.30000000e+02 3.50000000e+00 5.32100000e-03 3.48700000e-02 2.38400000e-01 2.09000000e+05
    50.000 0.9510000   275.700     AA L AAAAAAA                               
 5.50000000e+00 3.30000000e+02 2.80000000e+00 3.21500000e-03 3.64500000e-02 1.94400000e-01 2.09000000e+05
    55.000 0.5150000   269.300     AA L AAAAAAA                               
 5.35000000e+00 3.30000000e+02 1.80000000e+00 2.03000000e-03 3.92300000e-02 1.57400000e-01 2.09000000e+05
    60.000 0.2720000   257.100     AA L AAAAAAA                               
 5.00000000e+00 3.30000000e+02 1.30000000e+00 1.39700000e-03 4.67300000e-02 1.50000000e-01 2.09000000e+05
    65.000 0.1390000   240.100     AA L AAAAAAA                               
 4.40000000e+00 3.30000000e+02 8.00000000e-01 1.02000000e-03 6.40400000e-02 1.50000000e-01 2.09000000e+05
    70.000 0.0670000   218.100     AA L AAAAAAA                               
 3.70000000e+00 3.30000000e+02 4.00000000e-01 7.77200000e-04 1.17700000e-01 1.50000000e-01 2.09000000e+05
    75.000 0.0300000   196.100     AA L AAAAAAA                               
 2.95000000e+00 3.30000000e+02 1.90000000e-01 6.25700000e-04 2.93500000e-01 1.50000000e-01 2.09000000e+05
    80.000 0.0120000   174.100     AA L AAAAAAA                               
 2.10000000e+00 3.28000000e+02 2.00000000e-01 5.16600000e-04 6.81500000e-01 1.50000000e-01 2.09000000e+05
    85.000 0.0044800   165.100     AA L AAAAAAA                               
 1.33000000e+00 3.20000000e+02 5.70000000e-01 4.35200000e-04 1.46500000e+00 1.50000000e-01 2.00000000e+05
    90.000 0.0016400   165.000     AA L AAAAAAA                               
 8.50000000e-01 3.10000000e+02 7.50000000e-01 3.72700000e-04 2.84900000e+00 1.40000000e-01 1.90000000e+05
    95.000 0.0006250   178.300     AA L AAAAAAA                               
 5.40000000e-01 2.70000000e+02 7.00000000e-01 3.23700000e-04 5.16600000e+00 1.30000000e-01 1.80000000e+05
   100.000 0.0002580   190.500     AA L AAAAAAA                               
 4.00000000e-01 1.95000000e+02 4.00000000e-01 2.84400000e-04 1.00800000e+01 1.20000000e-01 1.60000000e+05
   105.000 0.0001170   222.200     AA L AAAAAAA                               
 3.40000000e-01 1.10000000e+02 2.00000000e-01 2.52400000e-04 1.86500000e+01 1.10000000e-01 1.40000000e+05
   110.000 0.0000611   262.400     AA L AAAAAAA                               
 2.80000000e-01 6.00000000e+01 5.00000000e-02 2.26000000e-04 2.86300000e+01 9.50000000e-02 1.20000000e+05
%%%%%%%
