TAPE5 FOR SUB-ARCTIC WINTER
0        1         2         3         4         5         6         7         8         9
123456789-123456789-123456789-123456789-123456789-123456789-123456789-123456789-123456789-
$  STANDARD SUB-ARCTIC WINTER
 HI=1 F4=1 CN=1 AE 0 EM=0 SC=0 FI=0 PL=0 TS=0 AM=0 MG=1 LA=0    1        00   00  1 0    0   00   00
              0       0.0
           1  0 0.8
 1 59    7  1.000000SUBARCTIC   WINT H1=    0.00 H2=  63.251 ANG=   0.000 LEN= 0
  1001.1           257.37              1   0.00  1013.00 257.20   0.18  989.23 257.54
  7.208E+20      1.676E+20      9.274E+15      1.626E+17      7.597E+16      8.636E+17      1.062E+23      4.005E+23
   977.340         257.72              1                         0.364  965.45 257.89
  7.394E+20      1.670E+20      9.475E+15      1.619E+17      7.521E+16      8.602E+17      1.058E+23      3.989E+23
   953.56592       258.07              1                         0.553  941.67 258.25
  7.570E+20      1.670E+20      9.727E+15      1.620E+17      7.475E+16      8.604E+17      1.058E+23      3.990E+23
   929.79047       258.43              1                         0.747  917.89 258.62
  7.790E+20      1.668E+20      9.978E+15      1.618E+17      7.418E+16      8.594E+17      1.057E+23      3.985E+23
   906.01587       258.81              1                         0.946  894.12 259.00
  7.985E+20      1.668E+20      1.025E+16      1.618E+17      7.369E+16      8.594E+17      1.057E+23      3.985E+23
   882.24371       258.91              1                         1.150  870.35 258.62
  8.040E+20      1.656E+20      1.045E+16      1.606E+17      7.263E+16      8.530E+17      1.049E+23      3.955E+23
   858.45807       258.29              1                         1.358  846.57 257.95
  7.880E+20      1.661E+20      1.076E+16      1.611E+17      7.234E+16      8.559E+17      1.052E+23      3.969E+23
   834.68372       257.61              1                         1.573  822.80 257.27
  7.693E+20      1.665E+20      1.106E+16      1.615E+17      7.195E+16      8.577E+17      1.055E+23      3.978E+23
   810.90686       256.91              1                         1.794  799.02 256.56
  7.493E+20      1.666E+20      1.136E+16      1.616E+17      7.144E+16      8.583E+17      1.055E+23      3.981E+23
   787.15051       256.20              1                         2.022  775.25 255.83
  7.313E+20      1.672E+20      1.171E+16      1.621E+17      7.112E+16      8.613E+17      1.059E+23      3.995E+23
   763.35730       255.46              1                         2.254  751.47 255.09
  6.972E+20      1.657E+20      1.201E+16      1.607E+17      6.992E+16      8.539E+17      1.050E+23      3.961E+23
   739.58203       254.71              1                         2.493  727.70 254.32
  6.678E+20      1.665E+20      1.255E+16      1.614E+17      6.963E+16      8.577E+17      1.054E+23      3.979E+23
   715.80597       253.93              1                         2.740  703.92 253.53
  6.361E+20      1.666E+20      1.309E+16      1.615E+17      6.905E+16      8.581E+17      1.055E+23      3.981E+23
   692.03113       253.12              1                         2.996  680.14 252.71
  6.073E+20      1.673E+20      1.372E+16      1.622E+17      6.873E+16      8.619E+17      1.060E+23      3.999E+23
   668.25800       252.07              1                         3.257  656.37 251.41
  5.575E+20      1.657E+20      1.418E+16      1.606E+17      6.748E+16      8.532E+17      1.049E+23      3.959E+23
   644.47699       250.74              1                         3.528  632.60 250.06
  5.056E+20      1.666E+20      1.489E+16      1.616E+17      6.737E+16      8.577E+17      1.055E+23      3.983E+23
   620.70081       249.36              1                         3.809  608.82 248.65
  4.556E+20      1.672E+20      1.562E+16      1.621E+17      6.708E+16      8.601E+17      1.059E+23      3.996E+23
   596.99109       247.90              1                         4.099  585.04 247.03
  4.060E+20      1.671E+20      1.634E+16      1.620E+17      6.653E+16      8.591E+17      1.058E+23      3.994E+23
   573.14624       246.02              1                         4.396  561.27 245.01
  3.409E+20      1.652E+20      1.692E+16      1.602E+17      6.555E+16      8.481E+17      1.046E+23      3.949E+23
   549.37061       243.96              1                         4.705  537.50 242.90
  2.865E+20      1.667E+20      1.791E+16      1.617E+17      6.604E+16      8.547E+17      1.056E+23      3.988E+23
   525.62769       241.81              1                         5.028  513.72 240.71
  2.381E+20      1.678E+20      1.893E+16      1.627E+17      6.632E+16      8.585E+17      1.063E+23      4.014E+23
   501.81906       239.59              1                         5.357  489.95 238.47
  1.925E+20      1.651E+20      1.960E+16      1.601E+17      6.505E+16      8.426E+17      1.046E+23      3.950E+23
   478.04272       237.30              1                         5.703  466.17 236.12
  1.588E+20      1.666E+20      2.085E+16      1.615E+17      6.537E+16      8.475E+17      1.055E+23      3.985E+23
   454.31583       234.89              1                         6.065  442.39 233.66
  1.294E+20      1.676E+20      2.221E+16      1.625E+17      6.549E+16      8.499E+17      1.061E+23      4.010E+23
   430.49088       232.39              1                         6.439  418.62 231.11
  1.055E+20      1.655E+20      2.524E+16      1.605E+17      6.407E+16      8.356E+17      1.048E+23      3.960E+23
   406.71420       229.78              1                         6.834  394.85 228.43
  8.891E+19      1.675E+20      3.083E+16      1.624E+17      6.403E+16      8.410E+17      1.061E+23      4.006E+23
   383.02689       227.04              1                         7.247  371.07 225.65
  6.827E+19      1.663E+20      3.694E+16      1.612E+17      6.268E+16      8.307E+17      1.053E+23      3.979E+23
   359.16199       224.20              1                         7.681  347.29 222.74
  3.824E+19      1.663E+20      4.322E+16      1.612E+17      6.139E+16      8.265E+17      1.053E+23      3.980E+23
   335.45407       221.28              1                         8.142  323.52 220.12
  2.043E+19      1.673E+20      5.149E+16      1.620E+17      6.031E+16      8.268E+17      1.059E+23      4.003E+23
   311.62250       219.30              1                         8.630  299.75 218.46
  1.620E+19      1.659E+20      6.878E+16      1.600E+17      5.778E+16      8.162E+17      1.051E+23      3.971E+23
   287.85925       217.65              1                         9.158  275.97 217.20
  1.516E+19      1.667E+20      9.793E+16      1.599E+17      5.575E+16      8.165E+17      1.056E+23      3.991E+23
   264.08749       217.20              1                         9.732  252.20 217.20
  1.266E+19      1.669E+20      1.245E+17      1.584E+17      5.309E+16      8.086E+17      1.057E+23      3.995E+23
   240.30795       217.20              1                        10.363  228.42 217.20
  9.702E+18      1.668E+20      1.510E+17      1.561E+17      5.011E+16      7.973E+17      1.056E+23      3.993E+23
   216.53864       217.20              1                        11.063  204.65 217.20
  6.262E+18      1.669E+20      1.693E+17      1.528E+17      4.677E+16      7.854E+17      1.057E+23      3.996E+23
   192.76247       217.20              1                        11.848  180.87 217.20
  4.038E+18      1.664E+20      1.874E+17      1.495E+17      4.252E+16      7.692E+17      1.054E+23      3.982E+23
   168.97758       217.20              1                        12.747  157.10 217.20
  2.804E+18      1.670E+20      2.355E+17      1.474E+17      3.731E+16      7.570E+17      1.058E+23      3.998E+23
   145.21436       217.20              1                        13.794  133.32 217.20
  2.283E+18      1.671E+20      3.579E+17      1.441E+17      3.041E+16      7.400E+17      1.058E+23      4.000E+23
   121.44471       217.20              1                        15.044  109.54 217.17
  2.281E+18      1.665E+20      5.117E+17      1.397E+17      2.310E+16      7.144E+17      1.055E+23      3.986E+23
    97.66626       216.72              1                        16.603   85.77 216.24
  2.327E+18      1.673E+20      7.308E+17      1.331E+17      1.655E+16      6.849E+17      1.060E+23      4.004E+23
    73.88784       215.65              1                        18.660   62.00 215.00
  2.369E+18      1.671E+20      1.125E+18      1.147E+17      1.109E+16      6.350E+17      1.058E+23      4.000E+23
    53.10019       214.40              1                        20.793   44.20 213.72
  1.815E+18      1.252E+20      1.310E+18      6.413E+16      5.397E+15      4.211E+17      7.929E+22      2.997E+23
    37.85305       213.12              1                        22.916   31.51 212.45
  1.324E+18      8.935E+19      1.130E+18      3.416E+16      3.374E+15      2.622E+17      5.659E+22      2.139E+23
    26.98569       211.85              1                        25.027   22.46 211.23
  9.624E+17      6.372E+19      8.864E+17      2.023E+16      2.698E+15      1.646E+17      4.035E+22      1.525E+23
    19.24452       212.18              1                        27.144   16.01 213.26
  6.893E+17      4.549E+19      6.591E+17      1.263E+16      2.207E+15      1.068E+17      2.881E+22      1.089E+23
    13.71472       214.23              1                        29.285   11.41 215.31
  4.919E+17      3.246E+19      4.949E+17      8.108E+15      1.772E+15      7.194E+16      2.056E+22      7.770E+22
     9.77619       216.31              1                        31.449    8.13 217.45
  3.510E+17      2.316E+19      3.831E+17      4.966E+15      1.469E+15      4.827E+16      1.467E+22      5.544E+22
     6.97016       218.61              1                        33.634    5.80 220.22
  2.500E+17      1.650E+19      2.936E+17      2.880E+15      1.248E+15      3.215E+16      1.045E+22      3.950E+22
     4.96716       221.94              1                        35.852    4.13 224.41
  1.781E+17      1.176E+19      2.190E+17      1.701E+15      1.102E+15      2.118E+16      7.447E+21      2.814E+22
     3.54216       227.05              1                        38.124    2.95 230.05
  1.272E+17      8.395E+18      1.584E+17      9.417E+14      1.048E+15      1.368E+16      5.317E+21      2.008E+22
     2.52617       232.75              1                        40.454    2.10 235.81
  9.072E+16      5.987E+18      1.089E+17      4.985E+14      1.050E+15      8.570E+15      3.792E+21      1.433E+22
     1.80065       238.53              1                        42.837    1.50 241.64
  6.456E+16      4.261E+18      6.952E+16      2.472E+14      1.135E+15      5.152E+15      2.698E+21      1.020E+22
     1.28448       244.49              1                        45.298    1.07 247.74
  4.636E+16      3.060E+18      4.157E+16      1.182E+14      1.211E+15      3.038E+15      1.938E+21      7.325E+21
     0.91498       250.62              1                        47.782   0.762 253.89
  3.253E+16      2.147E+18      2.232E+16      5.484E+13      1.218E+15      1.739E+15      1.360E+21      5.140E+21
     0.65287       256.82              1                        50.399   0.543 259.28
  2.373E+16      1.575E+18      1.314E+16      2.423E+13      1.300E+15      1.032E+15      9.978E+20      3.771E+21
     0.46509       259.23              1                        53.008   0.387 259.18
  1.653E+16      1.109E+18      7.481E+15      1.152E+13      1.219E+15      6.200E+14      7.026E+20      2.655E+21
     0.33166       259.03              1                        55.609   0.276 258.10
  1.163E+16      7.892E+17      4.130E+15      6.455E+12      1.085E+15      3.942E+14      4.998E+20      1.889E+21
     0.23627       256.10              1                        58.185   0.197 253.88
  8.054E+15      5.632E+17      2.264E+15      3.740E+12      9.544E+14      2.657E+14      3.567E+20      1.348E+21
     0.16859       252.00              1                        60.741    0.14 250.53
  5.574E+15      4.054E+17      1.250E+15      2.224E+12      8.391E+14      1.858E+14      2.567E+20      9.703E+20
     0.12012       249.94              1                        63.251    0.10 249.27
  3.727E+15      2.859E+17      7.123E+14      1.326E+12      7.239E+14      1.300E+14      1.811E+20      6.845E+20
%%%%%                                                                           
     0.05010       241.29              1                       100.000    0.00 218.50
  7.059E+15      7.071E+17      1.139E+15      2.178E+12      3.901E+15      3.222E+14      4.479E+20      1.704E+21
