

 Wavenumbers:   820. - 50000. cm-1, ATM      1
 LEVEL PRESSURE   UPWARD FLUX   DIFDOWN FLUX  DIRDOWN FLUX  DOWNWARD FLUX   NET FLUX    HEATING RATE
          mb          W/m2          W/m2          W/m2        W/m2          W/m2       degree/day
  51    .06700      375.8123        0.0000     1368.2222     1368.2222     992.409953       0.00000
  50    .07753      375.8118        0.0014     1368.1932     1368.1945     992.382706      21.83869
  49    .09103      375.8113        0.0030     1368.1710     1368.1740     992.362714      12.49582
  48    0.1069      375.8107        0.0050     1368.1465     1368.1515     992.340754      11.68933
  47    0.1255      375.8101        0.0072     1368.1171     1368.1244     992.314230      12.02446
  46    0.1487      375.8094        0.0101     1368.0773     1368.0873     992.277946      13.22608
  45    0.1794      375.8085        0.0139     1368.0188     1368.0328     992.224248      14.74146
  44    0.2165      375.8076        0.0185     1367.9438     1367.9622     992.154667      15.82838
  43    0.2613      375.8066        0.0238     1367.8467     1367.8706     992.063983      17.09364
  42    0.3336      375.8053        0.0327     1367.6714     1367.7041     991.898732      19.26657
  41    0.4307      375.8041        0.0444     1367.4203     1367.4647     991.660634      20.70209
  40    0.5894      375.8030        0.0633     1366.9710     1367.0342     991.231204      22.83655
  39     1.339      375.8160        0.1487     1364.2850     1364.4337     988.617710      29.42319
  38     1.782      375.8360        0.1963     1362.5473     1362.7436     986.907544      32.55880
  37     2.292      375.8706        0.2502     1360.6058     1360.8560     984.985422      31.83535
  36     2.964      375.9332        0.3199     1358.3464     1358.6663     982.733154      28.27277
  35     3.853      376.0398        0.4113     1355.9275     1356.3388     980.298949      23.10106
  34     5.035      376.2052        0.5318     1353.4631     1353.9949     977.789698      17.92504
  33     6.613      376.4394        0.6921     1350.9594     1351.6515     975.212169      13.77948
  32     8.786      376.7450        0.9073     1348.3953     1349.3026     972.557626      10.30929
  31     11.80      377.1413        1.2138     1345.5962     1346.8100     969.668688       8.08811
  30     15.07      377.5194        1.5416     1343.1892     1344.7308     967.211414       6.34420
  29     18.79      377.9044        1.9103     1340.8798     1342.7902     964.885785       5.27292
  28     23.16      378.3056        2.3395     1338.5475     1340.8870     962.581352       4.45603
  27     28.12      378.7072        2.8288     1336.2205     1339.0494     960.342130       3.80653
  26     33.73      379.0696        3.3759     1333.9798     1337.3557     958.286083       3.09132
  25     40.54      379.4039        4.0360     1331.6320     1335.6680     956.264118       2.50848
  24     48.69      379.7057        4.8305     1329.1308     1333.9613     954.255580       2.07852
  23     57.69      379.9372        5.7014     1326.6685     1332.3698     952.432650       1.70872
  22     68.43      380.1014        6.7366     1324.0154     1330.7520     950.650559       1.40096
  21     81.20      380.1367        7.9691     1321.1940     1329.1631     949.026365       1.07324
  20     96.49      380.0254        9.4352     1318.1331     1327.5682     947.542858       0.81879
  19     114.6      379.8190       11.1657     1314.6500     1325.8157     945.996704       0.72195
  18     136.5      379.5178       13.1989     1310.6503     1323.8492     944.331470       0.64032
  17     162.9      379.1067       15.5955     1305.9530     1321.5485     942.441803       0.60401
  16     196.4      378.4594       18.6705     1299.8196     1318.4902     940.030800       0.60688
  15     218.7      377.9963       20.6662     1295.3051     1315.9713     937.974983       0.78052
  14     243.0      377.4887       22.8139     1289.6743     1312.4881     934.999398       1.03203
  13     269.0      376.9622       25.1164     1282.5618     1307.6782     930.716028       1.38951
  12     297.5      367.2587      269.7792     1017.1131     1286.8923     919.633591       3.28693
  11     328.5      352.7260      405.4845      855.6062     1261.0908     908.364734       3.06397
  10     361.9      351.8085      404.7940      848.3049     1253.0989     901.290453       1.78986
   9     398.1      350.8512      403.9938      840.2805     1244.2744     893.423151       1.83290
   8     437.6      349.8869      402.9324      831.2578     1234.1902     884.303319       1.94988
   7     480.5      348.9586      401.6232      821.2732     1222.8964     873.937760       2.03576
   6     533.0      348.0580      399.8120      808.6952     1208.5072     860.449215       2.16988
   5     589.8      347.6802      397.5589      794.7547     1192.3136     844.633395       2.34759
   4     651.6      264.9027      664.1208      415.3558     1079.4766     814.573893       4.11072
   3     718.7      181.6326      591.5668      380.0098      971.5765     789.943923       3.09530
   2     792.3      179.3241      579.8446      370.0470      949.8917     770.567565       2.22225
   1     891.5      177.0845      563.8981      356.5287      920.4268     743.342305       2.31674
   0    1013.0      177.2215      545.2259      340.8814      886.1073     708.885858       2.39249

  Modules and versions used in this calculation:

       rrtmg_sw.1col.f90:  $Revision: 11661 $            rrtmg_sw_init.f90:  $Revision: 23308 $
     rrtmgsw_cldprop.f90:  NOT USED                    rrtmgsw_cldprmc.f90:  $Revision: 23308 $
     rrtmg_sw_reftra.f90:  $Revision: 11661 $          rrtmg_sw_spcvrt.f90:  NOT USED          
     rrtmg_sw_spcvmc.f90:  NOT USED                    rrtmgsw_setcoef.f90:  NOT USED          
     rrtmg_sw_taumol.f90:  $Revision: 11661 $          rrtmg_sw_vrtqdr.f90:  NOT USED          
                rrtatm.f:  NOT USED                             util_xxx.f:  NOT USED          
                 extra.f:  NOT USED                       rrtmg_sw_k_g.f90:  $Revision: 11661 $

