

 Wavenumbers:   820. - 50000. cm-1, ATM      1
 LEVEL PRESSURE   UPWARD FLUX   DIFDOWN FLUX  DIRDOWN FLUX  DOWNWARD FLUX   NET FLUX    HEATING RATE
          mb          W/m2          W/m2          W/m2        W/m2          W/m2       degree/day
  51    .06700      120.5320        0.0000      578.2357      578.2357     457.703658       0.00000
  50    .07753      120.5313        0.0011      578.2140      578.2151     457.683816      15.90377
  49    .09103      120.5303        0.0025      578.1952      578.1976     457.667327      10.30616
  48    0.1069      120.5292        0.0040      578.1731      578.1771     457.647916      10.33228
  47    0.1255      120.5279        0.0058      578.1460      578.1518     457.623836      10.91677
  46    0.1487      120.5264        0.0081      578.1087      578.1168     457.590382      12.19438
  45    0.1794      120.5243        0.0112      578.0538      578.0650     457.540678      13.64487
  44    0.2165      120.5218        0.0148      577.9835      577.9983     457.476476      14.60496
  43    0.2613      120.5190        0.0191      577.8931      577.9123     457.393256      15.68659
  42    0.3336      120.5144        0.0262      577.7310      577.7572     457.242826      17.53866
  41    0.4307      120.5085        0.0355      577.5020      577.5375     457.028997      18.59191
  40    0.5894      120.4992        0.0504      577.1029      577.1533     456.654020      19.94084
  39     1.339      120.4623        0.1164      575.0713      575.1877     454.725414      21.71259
  38     1.782      120.4449        0.1528      574.0258      574.1786     453.733718      18.88030
  37     2.292      120.4284        0.1939      573.0071      573.2010     452.772587      15.91884
  36     2.964      120.4120        0.2471      571.8976      572.1447     451.732707      13.05363
  35     3.853      120.3974        0.3165      570.6741      570.9906     450.593210      10.81403
  34     5.035      120.3852        0.4079      569.3339      569.7418     449.356612       8.83374
  33     6.613      120.3730        0.5286      567.8783      568.4069     448.033861       7.07143
  32     8.786      120.3548        0.6901      566.2871      566.9772     446.622415       5.48155
  31     11.80      120.3188        0.9191      564.4400      565.3591     445.040295       4.42944
  30     15.07      120.2684        1.1627      562.7809      563.9436     443.675206       3.52439
  29     18.79      120.2011        1.4358      561.1438      562.5796     442.378515       2.94000
  28     23.16      120.1104        1.7519      559.4480      561.1999     441.089456       2.49262
  27     28.12      119.9926        2.1106      557.7122      559.8228     439.830187       2.14067
  26     33.73      119.8393        2.5091      555.9955      558.5046     438.665296       1.75144
  25     40.54      119.6289        2.9874      554.1544      557.1418     437.512895       1.42968
  24     48.69      119.3510        3.5590      552.1543      555.7134     436.362312       1.19067
  23     57.69      119.0225        4.1813      550.1556      554.3369     435.314388       0.98227
  22     68.43      118.6059        4.9156      547.9755      552.8911     434.285185       0.80909
  21     81.20      118.0740        5.7821      545.6300      551.4121     433.338107       0.62581
  20     96.49      117.4077        6.8028      543.0705      549.8733     432.465615       0.48155
  19     114.6      116.6058        7.9953      540.1675      548.1628     431.556962       0.42428
  18     136.5      115.6480        9.3807      536.8638      546.2445     430.596443       0.36934
  17     162.9      114.5034       10.9914      533.0356      544.0269     429.523527       0.34295
  16     196.4      113.0055       13.0221      528.1399      541.1620     428.156472       0.34410
  15     218.7      112.0196       14.3208      524.6799      539.0007     426.981126       0.44624
  14     243.0      110.9496       15.7011      520.4790      536.1801     425.230566       0.60715
  13     269.0      109.7926       17.1611      515.2783      532.4394     422.646722       0.83819
  12     297.5      108.5467       18.6979      509.0968      527.7946     419.247860       1.00807
  11     328.5      107.2077       20.3116      502.4337      522.7454     415.537720       1.00878
  10     361.9      105.7746       21.9967      495.2275      517.2242     411.449563       1.03434
   9     398.1      104.2432       23.7509      487.3211      511.0720     406.828832       1.07653
   8     437.6      102.6129       25.5685      478.6464      504.2149     401.602043       1.11752
   7     480.5      100.8828       27.4418      469.3834      496.8252     395.942402       1.11153
   6     533.0       98.7811       29.6466      458.0759      487.7225     388.941356       1.12625
   5     589.8       96.5593       31.9010      445.8369      477.7379     381.178564       1.15225
   4     651.6       94.2487       34.1846      432.1408      466.3254     372.076686       1.24471
   3     718.7       91.8848       36.4828      417.4429      453.9257     362.040814       1.26123
   2     792.3       89.5636       38.7635      401.5379      440.3014     350.737807       1.29633
   1     891.5       86.9608       41.5561      380.1208      421.6769     334.716073       1.36337
   0    1013.0       85.1850       44.5084      355.9939      400.5024     315.317421       1.34695



 Wavenumbers:  2600. -  3250. cm-1, ATM      1
 LEVEL PRESSURE   UPWARD FLUX   DIFDOWN FLUX  DIRDOWN FLUX  DOWNWARD FLUX   NET FLUX    HEATING RATE
          mb          W/m2          W/m2          W/m2        W/m2          W/m2       degree/day
  51    .06700        0.1714        0.0000        5.1177        5.1177       4.946319       0.00000
  50    .07753        0.1714        0.0000        5.1177        5.1177       4.946311       0.00646
  49    .09103        0.1714        0.0000        5.1177        5.1177       4.946301       0.00633
  48    0.1069        0.1714        0.0000        5.1177        5.1177       4.946289       0.00619
  47    0.1255        0.1714        0.0000        5.1177        5.1177       4.946276       0.00605
  46    0.1487        0.1714        0.0000        5.1177        5.1177       4.946259       0.00613
  45    0.1794        0.1714        0.0000        5.1176        5.1176       4.946236       0.00630
  44    0.2165        0.1714        0.0000        5.1176        5.1176       4.946209       0.00618
  43    0.2613        0.1714        0.0000        5.1176        5.1176       4.946177       0.00605
  42    0.3336        0.1714        0.0000        5.1175        5.1175       4.946123       0.00622
  41    0.4307        0.1714        0.0000        5.1175        5.1175       4.946051       0.00626
  40    0.5894        0.1714        0.0000        5.1173        5.1173       4.945931       0.00642
  39     1.339        0.1714        0.0000        5.1166        5.1166       4.945218       0.00803
  38     1.782        0.1714        0.0000        5.1161        5.1161       4.944671       0.01040
  37     2.292        0.1714        0.0000        5.1154        5.1154       4.943952       0.01192
  36     2.964        0.1714        0.0000        5.1143        5.1143       4.942910       0.01307
  35     3.853        0.1714        0.0000        5.1128        5.1128       4.941435       0.01400
  34     5.035        0.1714        0.0000        5.1108        5.1108       4.939386       0.01463
  33     6.613        0.1714        0.0000        5.1080        5.1080       4.936634       0.01471
  32     8.786        0.1714        0.0000        5.1045        5.1045       4.933066       0.01386
  31     11.80        0.1714        0.0000        5.0998        5.0998       4.928422       0.01300
  30     15.07        0.1714        0.0000        5.0955        5.0955       4.924079       0.01121
  29     18.79        0.1714        0.0000        5.0913        5.0913       4.919875       0.00953
  28     23.16        0.1714        0.0000        5.0870        5.0870       4.915602       0.00826
  27     28.12        0.1714        0.0000        5.0825        5.0825       4.911137       0.00759
  26     33.73        0.1714        0.0000        5.0774        5.0774       4.906031       0.00768
  25     40.54        0.1714        0.0000        5.0706        5.0706       4.899172       0.00851
  24     48.69        0.1714        0.0000        5.0611        5.0611       4.889724       0.00978
  23     57.69        0.1714        0.0000        5.0493        5.0493       4.877947       0.01104
  22     68.43        0.1714        0.0000        5.0339        5.0339       4.862492       0.01215
  21     81.20        0.1714        0.0000        5.0141        5.0142       4.842787       0.01302
  20     96.49        0.1714        0.0000        4.9899        4.9899       4.818541       0.01338
  19     114.6        0.1714        0.0000        4.9603        4.9603       4.788940       0.01382
  18     136.5        0.1714        0.0001        4.9263        4.9263       4.754936       0.01308
  17     162.9        0.1714        0.0001        4.8884        4.8884       4.717005       0.01212
  16     196.4        0.1714        0.0001        4.8435        4.8436       4.672156       0.01129
  15     218.7        0.1715        0.0001        4.8142        4.8143       4.642837       0.01113
  14     243.0        0.1715        0.0001        4.7793        4.7794       4.607860       0.01213
  13     269.0        0.1716        0.0001        4.7365        4.7366       4.565008       0.01390
  12     297.5        0.1717        0.0001        4.6835        4.6836       4.511905       0.01575
  11     328.5        0.1719        0.0001        4.6204        4.6206       4.448684       0.01719
  10     361.9        0.1721        0.0001        4.5428        4.5429       4.370794       0.01971
   9     398.1        0.1724        0.0001        4.4440        4.4441       4.271690       0.02309
   8     437.6        0.1729        0.0001        4.3177        4.3178       4.144958       0.02710
   7     480.5        0.1735        0.0002        4.1625        4.1626       3.989145       0.03060
   6     533.0        0.1744        0.0002        3.9541        3.9543       3.779857       0.03367
   5     589.8        0.1758        0.0002        3.7154        3.7156       3.539802       0.03563
   4     651.6        0.1780        0.0002        3.4448        3.4450       3.266943       0.03731
   3     718.7        0.1814        0.0002        3.1544        3.1546       2.973153       0.03692
   2     792.3        0.1870        0.0002        2.8270        2.8272       2.640210       0.03818
   1     891.5        0.1996        0.0002        2.3827        2.3829       2.183303       0.03888
   0    1013.0        0.2287        0.0002        1.9214        1.9216       1.692919       0.03405



 Wavenumbers:  3250. -  4000. cm-1, ATM      1
 LEVEL PRESSURE   UPWARD FLUX   DIFDOWN FLUX  DIRDOWN FLUX  DOWNWARD FLUX   NET FLUX    HEATING RATE
          mb          W/m2          W/m2          W/m2        W/m2          W/m2       degree/day
  51    .06700        0.0005        0.0000        8.6067        8.6067       8.606174       0.00000
  50    .07753        0.0005        0.0000        8.6019        8.6019       8.601383       3.84018
  49    .09103        0.0005        0.0000        8.5986        8.5986       8.598131       2.03287
  48    0.1069        0.0005        0.0000        8.5962        8.5962       8.595711       1.28821
  47    0.1255        0.0005        0.0000        8.5940        8.5940       8.593523       0.99194
  46    0.1487        0.0005        0.0000        8.5916        8.5916       8.591152       0.86418
  45    0.1794        0.0005        0.0000        8.5888        8.5888       8.588368       0.76436
  44    0.2165        0.0005        0.0000        8.5860        8.5860       8.585560       0.63877
  43    0.2613        0.0005        0.0000        8.5832        8.5832       8.582707       0.53760
  42    0.3336        0.0005        0.0000        8.5792        8.5792       8.578678       0.46985
  41    0.4307        0.0005        0.0000        8.5745        8.5745       8.574047       0.40259
  40    0.5894        0.0005        0.0000        8.5676        8.5677       8.567170       0.36575
  39     1.339        0.0005        0.0000        8.5417        8.5418       8.541272       0.29156
  38     1.782        0.0005        0.0000        8.5306        8.5306       8.530140       0.21193
  37     2.292        0.0005        0.0000        8.5200        8.5200       8.519530       0.17573
  36     2.964        0.0005        0.0000        8.5080        8.5080       8.507555       0.15033
  35     3.853        0.0005        0.0000        8.4937        8.4937       8.493191       0.13631
  34     5.035        0.0005        0.0000        8.4753        8.4753       8.474835       0.13113
  33     6.613        0.0005        0.0000        8.4507        8.4507       8.450224       0.13157
  32     8.786        0.0005        0.0000        8.4165        8.4165       8.415997       0.13293
  31     11.80        0.0005        0.0000        8.3658        8.3658       8.365333       0.14184
  30     15.07        0.0005        0.0000        8.3100        8.3101       8.309609       0.14387
  29     18.79        0.0005        0.0000        8.2468        8.2469       8.246418       0.14327
  28     23.16        0.0004        0.0000        8.1747        8.1748       8.174317       0.13942
  27     28.12        0.0004        0.0000        8.0969        8.0969       8.096505       0.13228
  26     33.73        0.0004        0.0000        8.0175        8.0175       8.017090       0.11940
  25     40.54        0.0004        0.0001        7.9315        7.9316       7.931143       0.10663
  24     48.69        0.0004        0.0001        7.8391        7.8392       7.838788       0.09557
  23     57.69        0.0004        0.0001        7.7455        7.7456       7.745200       0.08772
  22     68.43        0.0004        0.0001        7.6385        7.6386       7.638175       0.08414
  21     81.20        0.0004        0.0001        7.5133        7.5134       7.513042       0.08269
  20     96.49        0.0004        0.0001        7.3681        7.3682       7.367881       0.08012
  19     114.6        0.0003        0.0001        7.1970        7.1972       7.196848       0.07986
  18     136.5        0.0003        0.0002        7.0097        7.0099       7.009552       0.07202
  17     162.9        0.0003        0.0002        6.7938        6.7940       6.793749       0.06898
  16     196.4        0.0002        0.0002        6.4865        6.4867       6.486506       0.07734
  15     218.7        0.0002        0.0002        6.2039        6.2041       6.203875       0.10730
  14     243.0        0.0002        0.0002        5.8291        5.8294       5.829197       0.12995
  13     269.0        0.0002        0.0003        5.3617        5.3620       5.361779       0.15163
  12     297.5        0.0002        0.0003        4.8156        4.8158       4.815690       0.16196
  11     328.5        0.0001        0.0002        4.2577        4.2580       4.257859       0.15167
  10     361.9        0.0001        0.0002        3.7220        3.7222       3.722111       0.13555
   9     398.1        0.0001        0.0002        3.2270        3.2272       3.227103       0.11533
   8     437.6        0.0001        0.0002        2.7703        2.7705       2.770389       0.09765
   7     480.5        0.0001        0.0002        2.3559        2.3561       2.356048       0.08138
   6     533.0        0.0001        0.0002        1.9163        1.9165       1.916442       0.07072
   5     589.8        0.0000        0.0002        1.4965        1.4967       1.496650       0.06231
   4     651.6        0.0000        0.0001        1.0634        1.0635       1.063497       0.05923
   3     718.7        0.0000        0.0001        0.6715        0.6716       0.671588       0.04925
   2     792.3        0.0000        0.0001        0.3523        0.3523       0.352301       0.03662
   1     891.5        0.0001        0.0000        0.0923        0.0923       0.092190       0.02213
   0    1013.0        0.0013        0.0000        0.0063        0.0063       0.005018       0.00605



 Wavenumbers:  4000. -  4650. cm-1, ATM      1
 LEVEL PRESSURE   UPWARD FLUX   DIFDOWN FLUX  DIRDOWN FLUX  DOWNWARD FLUX   NET FLUX    HEATING RATE
          mb          W/m2          W/m2          W/m2        W/m2          W/m2       degree/day
  51    .06700        1.4999        0.0000       10.0286       10.0286       8.528690       0.00000
  50    .07753        1.4999        0.0000       10.0286       10.0286       8.528689       0.00080
  49    .09103        1.4999        0.0000       10.0286       10.0286       8.528688       0.00078
  48    0.1069        1.4999        0.0000       10.0286       10.0286       8.528687       0.00076
  47    0.1255        1.4999        0.0000       10.0286       10.0286       8.528685       0.00075
  46    0.1487        1.4999        0.0000       10.0286       10.0286       8.528683       0.00076
  45    0.1794        1.4999        0.0000       10.0286       10.0286       8.528680       0.00078
  44    0.2165        1.4999        0.0000       10.0286       10.0286       8.528677       0.00076
  43    0.2613        1.4999        0.0000       10.0286       10.0286       8.528673       0.00075
  42    0.3336        1.4999        0.0000       10.0286       10.0286       8.528666       0.00077
  41    0.4307        1.4999        0.0000       10.0286       10.0286       8.528657       0.00077
  40    0.5894        1.4999        0.0000       10.0286       10.0286       8.528642       0.00079
  39     1.339        1.4999        0.0000       10.0285       10.0285       8.528553       0.00100
  38     1.782        1.4999        0.0000       10.0284       10.0284       8.528483       0.00133
  37     2.292        1.4999        0.0000       10.0283       10.0283       8.528389       0.00156
  36     2.964        1.4999        0.0000       10.0282       10.0282       8.528249       0.00176
  35     3.853        1.4999        0.0000       10.0279       10.0280       8.528042       0.00197
  34     5.035        1.4999        0.0000       10.0276       10.0276       8.527735       0.00219
  33     6.613        1.4999        0.0000       10.0272       10.0272       8.527284       0.00241
  32     8.786        1.4999        0.0000       10.0265       10.0265       8.526619       0.00258
  31     11.80        1.4999        0.0000       10.0254       10.0255       8.525575       0.00292
  30     15.07        1.4999        0.0001       10.0242       10.0242       8.524350       0.00316
  29     18.79        1.4999        0.0001       10.0227       10.0227       8.522871       0.00336
  28     23.16        1.4999        0.0001       10.0208       10.0209       8.521035       0.00355
  27     28.12        1.4998        0.0001       10.0186       10.0187       8.518815       0.00377
  26     33.73        1.4998        0.0001       10.0158       10.0159       8.516080       0.00411
  25     40.54        1.4998        0.0002       10.0120       10.0122       8.512376       0.00460
  24     48.69        1.4998        0.0002       10.0071       10.0072       8.507448       0.00510
  23     57.69        1.4998        0.0002       10.0012       10.0014       8.501615       0.00547
  22     68.43        1.4998        0.0003        9.9938        9.9941       8.494321       0.00573
  21     81.20        1.4998        0.0003        9.9848        9.9851       8.485349       0.00593
  20     96.49        1.4998        0.0004        9.9738        9.9742       8.474459       0.00601
  19     114.6        1.4998        0.0004        9.9602        9.9606       8.460890       0.00634
  18     136.5        1.4998        0.0005        9.9438        9.9444       8.444579       0.00627
  17     162.9        1.4998        0.0006        9.9239        9.9245       8.424646       0.00637
  16     196.4        1.5000        0.0007        9.8965        9.8972       8.397277       0.00689
  15     218.7        1.5001        0.0008        9.8758        9.8767       8.376574       0.00786
  14     243.0        1.5004        0.0009        9.8489        9.8498       8.349462       0.00940
  13     269.0        1.5008        0.0010        9.8127        9.8137       8.312986       0.01183
  12     297.5        1.5014        0.0011        9.7646        9.7657       8.264326       0.01443
  11     328.5        1.5023        0.0012        9.7038        9.7050       8.202697       0.01676
  10     361.9        1.5035        0.0013        9.6255        9.6269       8.123384       0.02007
   9     398.1        1.5050        0.0015        9.5256        9.5271       8.022089       0.02360
   8     437.6        1.5069        0.0016        9.4011        9.4027       7.895766       0.02701
   7     480.5        1.5092        0.0017        9.2561        9.2578       7.748579       0.02891
   6     533.0        1.5128        0.0019        9.0717        9.0736       7.560813       0.03021
   5     589.8        1.5177        0.0020        8.8632        8.8652       7.347552       0.03165
   4     651.6        1.5252        0.0022        8.5930        8.5952       7.070040       0.03795
   3     718.7        1.5368        0.0023        8.2362        8.2386       6.701779       0.04628
   2     792.3        1.5560        0.0025        7.7860        7.7884       6.232441       0.05383
   1     891.5        1.6000        0.0026        7.1672        7.1697       5.569711       0.05640
   0    1013.0        1.7016        0.0027        6.4921        6.4948       4.793174       0.05392



 Wavenumbers:  4650. -  5150. cm-1, ATM      1
 LEVEL PRESSURE   UPWARD FLUX   DIFDOWN FLUX  DIRDOWN FLUX  DOWNWARD FLUX   NET FLUX    HEATING RATE
          mb          W/m2          W/m2          W/m2        W/m2          W/m2       degree/day
  51    .06700        1.1046        0.0000        9.4784        9.4784       8.373751       0.00000
  50    .07753        1.1046        0.0000        9.4781        9.4781       8.373521       0.18488
  49    .09103        1.1046        0.0000        9.4778        9.4778       8.373232       0.18019
  48    0.1069        1.1046        0.0000        9.4775        9.4775       8.372903       0.17525
  47    0.1255        1.1046        0.0000        9.4771        9.4771       8.372528       0.17023
  46    0.1487        1.1046        0.0000        9.4767        9.4767       8.372058       0.17121
  45    0.1794        1.1046        0.0000        9.4760        9.4760       8.371424       0.17414
  44    0.2165        1.1046        0.0000        9.4753        9.4753       8.370683       0.16839
  43    0.2613        1.1046        0.0000        9.4744        9.4744       8.369821       0.16248
  42    0.3336        1.1046        0.0000        9.4730        9.4730       8.368429       0.16234
  41    0.4307        1.1046        0.0000        9.4712        9.4712       8.366644       0.15518
  40    0.5894        1.1046        0.0000        9.4685        9.4685       8.363870       0.14756
  39     1.339        1.1046        0.0000        9.4574        9.4574       8.352787       0.12477
  38     1.782        1.1046        0.0000        9.4522        9.4522       8.347574       0.09925
  37     2.292        1.1046        0.0000        9.4471        9.4471       8.342480       0.08438
  36     2.964        1.1046        0.0000        9.4416        9.4416       8.337010       0.06866
  35     3.853        1.1046        0.0000        9.4359        9.4359       8.331328       0.05392
  34     5.035        1.1046        0.0000        9.4301        9.4301       8.325569       0.04114
  33     6.613        1.1046        0.0000        9.4242        9.4242       8.319678       0.03149
  32     8.786        1.1046        0.0001        9.4177        9.4177       8.313159       0.02532
  31     11.80        1.1046        0.0001        9.4090        9.4091       8.304529       0.02416
  30     15.07        1.1045        0.0001        9.3994        9.3995       8.294942       0.02475
  29     18.79        1.1045        0.0001        9.3876        9.3878       8.283227       0.02656
  28     23.16        1.1045        0.0001        9.3727        9.3728       8.268289       0.02889
  27     28.12        1.1045        0.0002        9.3540        9.3542       8.249677       0.03164
  26     33.73        1.1045        0.0002        9.3315        9.3317       8.227217       0.03377
  25     40.54        1.1045        0.0002        9.3025        9.3027       8.198220       0.03597
  24     48.69        1.1045        0.0003        9.2656        9.2659       8.161398       0.03810
  23     57.69        1.1045        0.0003        9.2237        9.2241       8.119564       0.03921
  22     68.43        1.1045        0.0004        9.1733        9.1737       8.069159       0.03963
  21     81.20        1.1045        0.0005        9.1139        9.1144       8.009825       0.03921
  20     96.49        1.1046        0.0005        9.0462        9.0467       7.942140       0.03736
  19     114.6        1.1047        0.0006        8.9713        8.9720       7.867319       0.03494
  18     136.5        1.1048        0.0008        8.8911        8.8919       7.787101       0.03085
  17     162.9        1.1050        0.0009        8.8061        8.8069       7.701960       0.02721
  16     196.4        1.1053        0.0011        8.7077        8.7088       7.603435       0.02480
  15     218.7        1.1056        0.0012        8.6464        8.6476       7.541980       0.02333
  14     243.0        1.1060        0.0013        8.5793        8.5806       7.474600       0.02337
  13     269.0        1.1066        0.0014        8.5027        8.5041       7.397509       0.02501
  12     297.5        1.1074        0.0016        8.4110        8.4125       7.305098       0.02741
  11     328.5        1.1086        0.0017        8.3036        8.3054       7.196769       0.02945
  10     361.9        1.1101        0.0019        8.1780        8.1798       7.069745       0.03214
   9     398.1        1.1121        0.0020        8.0305        8.0326       6.920474       0.03478
   8     437.6        1.1147        0.0022        7.8580        7.8602       6.745472       0.03742
   7     480.5        1.1181        0.0023        7.6587        7.6611       6.542991       0.03977
   6     533.0        1.1232        0.0025        7.3976        7.4001       6.276842       0.04281
   5     589.8        1.1304        0.0027        7.0998        7.1025       5.972092       0.04523
   4     651.6        1.1409        0.0029        6.7568        6.7597       5.618818       0.04831
   3     718.7        1.1563        0.0030        6.3810        6.3840       5.227657       0.04916
   2     792.3        1.1797        0.0031        5.9785        5.9816       4.801869       0.04883
   1     891.5        1.2283        0.0032        5.4456        5.4488       4.220480       0.04947
   0    1013.0        1.3260        0.0033        4.8538        4.8571       3.531104       0.04787



 Wavenumbers:  5150. -  6150. cm-1, ATM      1
 LEVEL PRESSURE   UPWARD FLUX   DIFDOWN FLUX  DIRDOWN FLUX  DOWNWARD FLUX   NET FLUX    HEATING RATE
          mb          W/m2          W/m2          W/m2        W/m2          W/m2       degree/day
  51    .06700        3.5170        0.0000       23.5088       23.5088      19.991866       0.00000
  50    .07753        3.5170        0.0000       23.5088       23.5088      19.991828       0.03060
  49    .09103        3.5170        0.0000       23.5087       23.5087      19.991779       0.03107
  48    0.1069        3.5170        0.0000       23.5087       23.5087      19.991719       0.03156
  47    0.1255        3.5170        0.0000       23.5086       23.5086      19.991649       0.03205
  46    0.1487        3.5170        0.0000       23.5085       23.5085      19.991556       0.03376
  45    0.1794        3.5170        0.0000       23.5084       23.5084      19.991425       0.03593
  44    0.2165        3.5170        0.0000       23.5082       23.5082      19.991265       0.03648
  43    0.2613        3.5170        0.0000       23.5080       23.5080      19.991068       0.03704
  42    0.3336        3.5170        0.0000       23.5077       23.5077      19.990733       0.03913
  41    0.4307        3.5169        0.0000       23.5072       23.5072      19.990277       0.03965
  40    0.5894        3.5169        0.0000       23.5064       23.5065      19.989513       0.04062
  39     1.339        3.5169        0.0000       23.5027       23.5028      19.985836       0.04140
  38     1.782        3.5169        0.0000       23.5006       23.5006      19.983697       0.04072
  37     2.292        3.5169        0.0001       23.4981       23.4982      19.981278       0.04006
  36     2.964        3.5169        0.0001       23.4950       23.4951      19.978208       0.03854
  35     3.853        3.5169        0.0001       23.4911       23.4912      19.974311       0.03698
  34     5.035        3.5169        0.0001       23.4860       23.4862      19.969300       0.03580
  33     6.613        3.5168        0.0002       23.4795       23.4796      19.962810       0.03469
  32     8.786        3.5168        0.0002       23.4710       23.4712      19.954420       0.03258
  31     11.80        3.5168        0.0003       23.4596       23.4599      19.943110       0.03167
  30     15.07        3.5167        0.0004       23.4481       23.4485      19.931808       0.02918
  29     18.79        3.5167        0.0005       23.4362       23.4367      19.920056       0.02665
  28     23.16        3.5166        0.0006       23.4234       23.4240      19.907417       0.02444
  27     28.12        3.5165        0.0008       23.4100       23.4107      19.894163       0.02253
  26     33.73        3.5165        0.0009       23.3964       23.3973      19.880777       0.02013
  25     40.54        3.5164        0.0011       23.3815       23.3826      19.866203       0.01808
  24     48.69        3.5163        0.0013       23.3657       23.3670      19.850660       0.01608
  23     57.69        3.5163        0.0015       23.3500       23.3516      19.835313       0.01439
  22     68.43        3.5162        0.0018       23.3331       23.3349      19.818712       0.01305
  21     81.20        3.5161        0.0022       23.3144       23.3166      19.800484       0.01204
  20     96.49        3.5160        0.0026       23.2935       23.2960      19.780004       0.01130
  19     114.6        3.5159        0.0030       23.2695       23.2725      19.756568       0.01094
  18     136.5        3.5158        0.0036       23.2415       23.2451      19.729252       0.01050
  17     162.9        3.5157        0.0043       23.2003       23.2046      19.688823       0.01292
  16     196.4        3.5156        0.0052       23.1129       23.1181      19.602497       0.02173
  15     218.7        3.5156        0.0057       22.9757       22.9814      19.465841       0.05188
  14     243.0        3.5156        0.0063       22.6796       22.6859      19.170289       0.10251
  13     269.0        3.5156        0.0068       22.1593       22.1662      18.650558       0.16860
  12     297.5        3.5158        0.0074       21.4983       21.5057      17.989866       0.19595
  11     328.5        3.5161        0.0079       20.8223       20.8302      17.314092       0.18374
  10     361.9        3.5166        0.0085       20.0519       20.0604      16.543796       0.19489
   9     398.1        3.5173        0.0090       19.1807       19.1897      15.672390       0.20302
   8     437.6        3.5183        0.0094       18.2401       18.2495      14.731203       0.20123
   7     480.5        3.5197        0.0099       17.2831       17.2930      13.773229       0.18814
   6     533.0        3.5222        0.0103       16.2112       16.2215      12.699365       0.17275
   5     589.8        3.5261        0.0108       15.2072       15.2180      11.691962       0.14953
   4     651.6        3.5329        0.0113       14.2737       14.2850      10.752076       0.12853
   3     718.7        3.5448        0.0119       13.5020       13.5138       9.969002       0.09841
   2     792.3        3.5664        0.0125       12.8217       12.8342       9.267792       0.08042
   1     891.5        3.6208        0.0133       11.9352       11.9484       8.327639       0.08000
   0    1013.0        3.7699        0.0140       10.9768       10.9908       7.220977       0.07684



 Wavenumbers:  6150. -  7700. cm-1, ATM      1
 LEVEL PRESSURE   UPWARD FLUX   DIFDOWN FLUX  DIRDOWN FLUX  DOWNWARD FLUX   NET FLUX    HEATING RATE
          mb          W/m2          W/m2          W/m2        W/m2          W/m2       degree/day
  51    .06700        5.1180        0.0000       43.5008       43.5008      38.382763       0.00000
  50    .07753        5.1180        0.0000       43.5007       43.5007      38.382707       0.04521
  49    .09103        5.1180        0.0000       43.5006       43.5006      38.382634       0.04551
  48    0.1069        5.1180        0.0000       43.5005       43.5005      38.382548       0.04582
  47    0.1255        5.1180        0.0000       43.5004       43.5004      38.382446       0.04612
  46    0.1487        5.1180        0.0000       43.5003       43.5003      38.382314       0.04818
  45    0.1794        5.1180        0.0000       43.5001       43.5001      38.382129       0.05090
  44    0.2165        5.1180        0.0000       43.4999       43.4999      38.381903       0.05130
  43    0.2613        5.1180        0.0000       43.4996       43.4996      38.381629       0.05173
  42    0.3336        5.1180        0.0000       43.4991       43.4991      38.381163       0.05432
  41    0.4307        5.1180        0.0000       43.4984       43.4985      38.380533       0.05481
  40    0.5894        5.1179        0.0001       43.4974       43.4974      38.379481       0.05592
  39     1.339        5.1179        0.0001       43.4922       43.4923      38.374428       0.05688
  38     1.782        5.1178        0.0002       43.4891       43.4893      38.371483       0.05608
  37     2.292        5.1178        0.0002       43.4857       43.4859      38.368136       0.05543
  36     2.964        5.1177        0.0003       43.4812       43.4816      38.363857       0.05371
  35     3.853        5.1176        0.0004       43.4756       43.4760      38.358377       0.05201
  34     5.035        5.1175        0.0006       43.4682       43.4688      38.351273       0.05075
  33     6.613        5.1174        0.0007       43.4586       43.4594      38.341994       0.04960
  32     8.786        5.1172        0.0010       43.4460       43.4470      38.329855       0.04714
  31     11.80        5.1169        0.0013       43.4288       43.4301      38.313203       0.04662
  30     15.07        5.1166        0.0017       43.4111       43.4128      38.296211       0.04387
  29     18.79        5.1162        0.0021       43.3922       43.3943      38.278088       0.04109
  28     23.16        5.1158        0.0026       43.3714       43.3739      38.258141       0.03857
  27     28.12        5.1153        0.0031       43.3489       43.3520      38.236683       0.03648
  26     33.73        5.1148        0.0037       43.3254       43.3292      38.214380       0.03353
  25     40.54        5.1142        0.0045       43.2991       43.3036      38.189480       0.03089
  24     48.69        5.1134        0.0054       43.2701       43.2755      38.162144       0.02829
  23     57.69        5.1125        0.0064       43.2406       43.2470      38.134479       0.02593
  22     68.43        5.1115        0.0076       43.2079       43.2155      38.103977       0.02398
  21     81.20        5.1103        0.0090       43.1713       43.1803      38.069958       0.02248
  20     96.49        5.1089        0.0106       43.1296       43.1402      38.031348       0.02131
  19     114.6        5.1072        0.0126       43.0813       43.0939      37.986746       0.02083
  18     136.5        5.1051        0.0150       43.0248       43.0398      37.934675       0.02002
  17     162.9        5.1027        0.0178       42.9447       42.9625      37.859768       0.02394
  16     196.4        5.0996        0.0215       42.7865       42.8080      37.708362       0.03811
  15     218.7        5.0976        0.0238       42.5739       42.5977      37.500047       0.07909
  14     243.0        5.0955        0.0262       42.1720       42.1982      37.102717       0.13781
  13     269.0        5.0934        0.0286       41.4368       41.4654      36.371994       0.23704
  12     297.5        5.0914        0.0309       40.3294       40.3603      35.268950       0.32715
  11     328.5        5.0894        0.0333       39.1154       39.1487      34.059218       0.32892
  10     361.9        5.0878        0.0356       37.8193       37.8549      32.767115       0.32691
   9     398.1        5.0865        0.0378       36.3387       36.3765      31.289988       0.34414
   8     437.6        5.0860        0.0399       34.6393       34.6792      29.593169       0.36279
   7     480.5        5.0866        0.0417       32.8320       32.8737      27.787125       0.35470
   6     533.0        5.0894        0.0436       30.6991       30.7427      25.653363       0.34325
   5     589.8        5.0962        0.0452       28.5030       28.5482      23.451961       0.32676
   4     651.6        5.1115        0.0463       26.1753       26.2216      21.110109       0.32025
   3     718.7        5.1412        0.0472       23.9064       23.9536      18.812457       0.28875
   2     792.3        5.1980        0.0478       21.7063       21.7540      16.555990       0.25879
   1     891.5        5.3438        0.0483       19.1797       19.2280      13.884143       0.22736
   0    1013.0        5.7282        0.0489       16.7987       16.8476      11.119403       0.19197



 Wavenumbers:  7700. -  8050. cm-1, ATM      1
 LEVEL PRESSURE   UPWARD FLUX   DIFDOWN FLUX  DIRDOWN FLUX  DOWNWARD FLUX   NET FLUX    HEATING RATE
          mb          W/m2          W/m2          W/m2        W/m2          W/m2       degree/day
  51    .06700        3.0131        0.0000       10.2669       10.2669       7.253815       0.00000
  50    .07753        3.0131        0.0000       10.2669       10.2669       7.253796       0.01559
  49    .09103        3.0131        0.0000       10.2669       10.2669       7.253771       0.01528
  48    0.1069        3.0131        0.0000       10.2669       10.2669       7.253743       0.01496
  47    0.1255        3.0131        0.0000       10.2668       10.2668       7.253711       0.01464
  46    0.1487        3.0131        0.0000       10.2668       10.2668       7.253670       0.01485
  45    0.1794        3.0131        0.0000       10.2667       10.2667       7.253615       0.01528
  44    0.2165        3.0131        0.0000       10.2667       10.2667       7.253549       0.01499
  43    0.2613        3.0131        0.0000       10.2666       10.2666       7.253471       0.01471
  42    0.3336        3.0131        0.0000       10.2665       10.2665       7.253342       0.01505
  41    0.4307        3.0132        0.0000       10.2663       10.2663       7.253170       0.01489
  40    0.5894        3.0132        0.0000       10.2661       10.2661       7.252891       0.01487
  39     1.339        3.0133        0.0001       10.2648       10.2649       7.251568       0.01489
  38     1.782        3.0134        0.0001       10.2641       10.2642       7.250791       0.01479
  37     2.292        3.0134        0.0001       10.2632       10.2633       7.249891       0.01490
  36     2.964        3.0135        0.0001       10.2621       10.2622       7.248710       0.01482
  35     3.853        3.0137        0.0002       10.2606       10.2608       7.247151       0.01480
  34     5.035        3.0138        0.0002       10.2587       10.2589       7.245080       0.01480
  33     6.613        3.0141        0.0003       10.2561       10.2564       7.242314       0.01479
  32     8.786        3.0144        0.0004       10.2526       10.2530       7.238589       0.01447
  31     11.80        3.0148        0.0006       10.2475       10.2481       7.233267       0.01490
  30     15.07        3.0153        0.0007       10.2422       10.2429       7.227560       0.01473
  29     18.79        3.0159        0.0009       10.2361       10.2370       7.221124       0.01459
  28     23.16        3.0165        0.0011       10.2290       10.2301       7.213622       0.01451
  27     28.12        3.0172        0.0013       10.2210       10.2223       7.205063       0.01455
  26     33.73        3.0181        0.0016       10.2120       10.2136       7.195512       0.01436
  25     40.54        3.0191        0.0019       10.2012       10.2031       7.184011       0.01427
  24     48.69        3.0203        0.0023       10.1882       10.1905       7.170205       0.01429
  23     57.69        3.0216        0.0027       10.1740       10.1768       7.155114       0.01415
  22     68.43        3.0233        0.0032       10.1573       10.1605       7.137242       0.01405
  21     81.20        3.0252        0.0038       10.1375       10.1413       7.116094       0.01397
  20     96.49        3.0275        0.0045       10.1141       10.1186       7.091100       0.01380
  19     114.6        3.0303        0.0054       10.0867       10.0920       7.061707       0.01372
  18     136.5        3.0337        0.0064       10.0546       10.0610       7.027255       0.01325
  17     162.9        3.0378        0.0075       10.0170       10.0245       6.986753       0.01295
  16     196.4        3.0431        0.0091        9.9691        9.9782       6.935032       0.01302
  15     218.7        3.0467        0.0101        9.9382        9.9482       6.901504       0.01273
  14     243.0        3.0507        0.0112        9.9049        9.9161       6.865397       0.01252
  13     269.0        3.0551        0.0123        9.8693        9.8817       6.826588       0.01259
  12     297.5        3.0599        0.0136        9.8312        9.8449       6.784906       0.01236
  11     328.5        3.0653        0.0150        9.7905        9.8054       6.740109       0.01218
  10     361.9        3.0713        0.0164        9.7469        9.7634       6.692029       0.01216
   9     398.1        3.0780        0.0180        9.7003        9.7183       6.640273       0.01206
   8     437.6        3.0855        0.0197        9.6502        9.6699       6.584352       0.01196
   7     480.5        3.0940        0.0215        9.5963        9.6178       6.523810       0.01189
   6     533.0        3.1051        0.0237        9.5293        9.5531       6.447957       0.01220
   5     589.8        3.1181        0.0261        9.4555        9.4816       6.363458       0.01254
   4     651.6        3.1339        0.0287        9.3719        9.4006       6.266683       0.01323
   3     718.7        3.1533        0.0314        9.2758        9.3071       6.153871       0.01418
   2     792.3        3.1780        0.0342        9.1622        9.1964       6.018348       0.01554
   1     891.5        3.2199        0.0379        8.9876        9.0255       5.805650       0.01810
   0    1013.0        3.2864        0.0422        8.7449        8.7871       5.500742       0.02117



 Wavenumbers:  8050. - 12850. cm-1, ATM      1
 LEVEL PRESSURE   UPWARD FLUX   DIFDOWN FLUX  DIRDOWN FLUX  DOWNWARD FLUX   NET FLUX    HEATING RATE
          mb          W/m2          W/m2          W/m2        W/m2          W/m2       degree/day
  51    .06700       35.2462        0.0000      146.1171      146.1171     110.870873       0.00000
  50    .07753       35.2462        0.0000      146.1171      146.1171     110.870873       0.00000
  49    .09103       35.2462        0.0001      146.1170      146.1171     110.870873       0.00000
  48    0.1069       35.2462        0.0001      146.1169      146.1170     110.870873       0.00000
  47    0.1255       35.2461        0.0001      146.1169      146.1170     110.870873       0.00000
  46    0.1487       35.2461        0.0002      146.1168      146.1170     110.870873       0.00000
  45    0.1794       35.2460        0.0003      146.1167      146.1169     110.870873       0.00000
  44    0.2165       35.2460        0.0003      146.1165      146.1169     110.870873       0.00000
  43    0.2613       35.2459        0.0004      146.1163      146.1168     110.870873       0.00000
  42    0.3336       35.2458        0.0006      146.1160      146.1167     110.870873       0.00000
  41    0.4307       35.2456        0.0008      146.1157      146.1165     110.870873       0.00000
  40    0.5894       35.2454        0.0012      146.1150      146.1162     110.870873       0.00000
  39     1.339       35.2441        0.0029      146.1121      146.1150     110.870873       0.00000
  38     1.782       35.2434        0.0040      146.1103      146.1143     110.870873       0.00000
  37     2.292       35.2426        0.0051      146.1083      146.1134     110.870873       0.00000
  36     2.964       35.2414        0.0067      146.1056      146.1123     110.870873       0.00000
  35     3.853       35.2400        0.0087      146.1021      146.1109     110.870873       0.00000
  34     5.035       35.2380        0.0114      146.0975      146.1089     110.870873       0.00000
  33     6.613       35.2354        0.0150      146.0913      146.1063     110.870873       0.00000
  32     8.786       35.2319        0.0199      146.0829      146.1028     110.870873       0.00000
  31     11.80       35.2269        0.0269      146.0708      146.0978     110.870873       0.00000
  30     15.07       35.2215        0.0345      146.0579      146.0924     110.870873       0.00000
  29     18.79       35.2154        0.0430      146.0433      146.0863     110.870873       0.00000
  28     23.16       35.2083        0.0529      146.0262      146.0791     110.870873       0.00000
  27     28.12       35.2001        0.0643      146.0067      146.0710     110.870873       0.00000
  26     33.73       35.1909        0.0771      145.9847      146.0618     110.870873       0.00000
  25     40.54       35.1799        0.0925      145.9582      146.0507     110.870873       0.00000
  24     48.69       35.1665        0.1111      145.9262      146.0373     110.870873       0.00000
  23     57.69       35.1518        0.1316      145.8910      146.0226     110.870873       0.00000
  22     68.43       35.1342        0.1561      145.8490      146.0051     110.870873       0.00000
  21     81.20       35.1132        0.1853      145.7988      145.9841     110.870873       0.00000
  20     96.49       35.0882        0.2201      145.7390      145.9591     110.870873       0.00000
  19     114.6       35.0585        0.2615      145.6619      145.9234     110.864875       0.00280
  18     136.5       35.0232        0.3107      145.5699      145.8806     110.857426       0.00286
  17     162.9       34.9810        0.3694      145.4567      145.8261     110.845032       0.00396
  16     196.4       34.9263        0.4456      145.2938      145.7394     110.813152       0.00802
  15     218.7       34.8903        0.4958      145.1480      145.6437     110.753475       0.02266
  14     243.0       34.8513        0.5502      144.9146      145.4648     110.613513       0.04854
  13     269.0       34.8094        0.6090      144.5382      145.1472     110.337821       0.08943
  12     297.5       34.7650        0.6723      143.9952      144.6674     109.902386       0.12915
  11     328.5       34.7181        0.7403      143.3458      144.0861     109.367975       0.14530
  10     361.9       34.6692        0.8132      142.5660      143.3793     108.710124       0.16644
   9     398.1       34.6189        0.8910      141.5869      142.4778     107.858995       0.19829
   8     437.6       34.5687        0.9734      140.3322      141.3057     106.737021       0.23988
   7     480.5       34.5203        1.0602      138.7859      139.8461     105.325863       0.27715
   6     533.0       34.4709        1.1646      136.6062      137.7708     103.299876       0.32592
   5     589.8       34.4362        1.2730      133.8569      135.1300     100.693776       0.38683
   4     651.6       34.4372        1.3828      130.2520      131.6348      97.197589       0.47811
   3     718.7       34.5009        1.4928      125.9092      127.4021      92.901174       0.53994
   2     792.3       34.6863        1.5999      120.7214      122.3212      87.634891       0.60398
   1     891.5       35.2449        1.7261      113.1919      114.9180      79.673083       0.67751
   0    1013.0       36.7142        1.8574      104.5605      106.4179      69.703697       0.69223



 Wavenumbers: 12850. - 16000. cm-1, ATM      1
 LEVEL PRESSURE   UPWARD FLUX   DIFDOWN FLUX  DIRDOWN FLUX  DOWNWARD FLUX   NET FLUX    HEATING RATE
          mb          W/m2          W/m2          W/m2        W/m2          W/m2       degree/day
  51    .06700       18.6201        0.0000       92.2098       92.2098      73.589674       0.00000
  50    .07753       18.6201        0.0001       92.2089       92.2090      73.588894       0.62507
  49    .09103       18.6200        0.0001       92.2078       92.2080      73.587918       0.61005
  48    0.1069       18.6200        0.0002       92.2066       92.2068      73.586801       0.59445
  47    0.1255       18.6199        0.0003       92.2052       92.2055      73.585524       0.57889
  46    0.1487       18.6199        0.0004       92.2034       92.2038      73.583922       0.58405
  45    0.1794       18.6198        0.0005       92.2010       92.2015      73.581756       0.59464
  44    0.2165       18.6197        0.0007       92.1982       92.1989      73.579227       0.57532
  43    0.2613       18.6196        0.0009       92.1949       92.1958      73.576278       0.55582
  42    0.3336       18.6194        0.0013       92.1896       92.1909      73.571514       0.55540
  41    0.4307       18.6192        0.0017       92.1829       92.1846      73.565441       0.52807
  40    0.5894       18.6188        0.0025       92.1724       92.1749      73.556056       0.49904
  39     1.339       18.6180        0.0060       92.1281       92.1341      73.516107       0.44976
  38     1.782       18.6180        0.0081       92.1035       92.1116      73.493594       0.42861
  37     2.292       18.6185        0.0105       92.0744       92.0849      73.466418       0.45010
  36     2.964       18.6199        0.0137       92.0337       92.0474      73.427543       0.48801
  35     3.853       18.6228        0.0179       91.9753       91.9932      73.370449       0.54183
  34     5.035       18.6276        0.0235       91.8927       91.9161      73.288562       0.58496
  33     6.613       18.6345        0.0309       91.7802       91.8111      73.176601       0.59855
  32     8.786       18.6433        0.0409       91.6338       91.6746      73.031342       0.56413
  31     11.80       18.6538        0.0551       91.4397       91.4948      72.840983       0.53295
  30     15.07       18.6628        0.0704       91.2491       91.3195      72.656646       0.47592
  29     18.79       18.6709        0.0876       91.0499       91.1375      72.466529       0.43105
  28     23.16       18.6779        0.1076       90.8356       90.9433      72.265317       0.38908
  27     28.12       18.6831        0.1305       90.6120       90.7425      72.059372       0.35009
  26     33.73       18.6849        0.1561       90.3914       90.5475      71.862574       0.29589
  25     40.54       18.6824        0.1870       90.1592       90.3462      71.663767       0.24664
  24     48.69       18.6748        0.2242       89.9135       90.1377      71.462843       0.20792
  23     57.69       18.6621        0.2650       89.6771       89.9421      71.279984       0.17140
  22     68.43       18.6422        0.3136       89.4317       89.7453      71.103037       0.13910
  21     81.20       18.6121        0.3715       89.1870       89.5585      70.946395       0.10351
  20     96.49       18.5701        0.4404       88.9396       89.3800      70.809856       0.07536
  19     114.6       18.5203        0.5226       88.6664       89.1890      70.668670       0.06592
  18     136.5       18.4585        0.6198       88.3578       88.9776      70.519119       0.05751
  17     162.9       18.3824        0.7354       88.0010       88.7364      70.354052       0.05276
  16     196.4       18.2783        0.8850       87.5600       88.4450      70.166694       0.04716
  15     218.7       18.2080        0.9831       87.2767       88.2598      70.051762       0.04364
  14     243.0       18.1307        1.0895       86.9698       88.0593      69.928534       0.04274
  13     269.0       18.0461        1.2045       86.6378       87.8423      69.796243       0.04291
  12     297.5       17.9539        1.3286       86.2776       87.6063      69.652399       0.04266
  11     328.5       17.8540        1.4624       85.8856       87.3480      69.494079       0.04305
  10     361.9       17.7463        1.6061       85.4591       87.0653      69.319021       0.04429
   9     398.1       17.6304        1.7603       84.9939       86.7542      69.123754       0.04549
   8     437.6       17.5066        1.9253       84.4821       86.4074      68.900794       0.04767
   7     480.5       17.3748        2.1014       83.9177       86.0190      68.644259       0.05038
   6     533.0       17.2146        2.3169       83.1937       85.5106      68.295986       0.05603
   5     589.8       17.0462        2.5473       82.3620       84.9093      67.863112       0.06425
   4     651.6       16.8745        2.7915       81.3667       84.1582      67.283709       0.07923
   3     718.7       16.7029        3.0482       80.2009       83.2491      66.546281       0.09267
   2     792.3       16.5427        3.3140       78.8064       82.1204      65.577700       0.11109
   1     891.5       16.3826        3.6548       76.6943       80.3491      63.966515       0.13710
   0    1013.0       16.2997        4.0381       73.9509       77.9891      61.689353       0.15812



 Wavenumbers: 16000. - 22650. cm-1, ATM      1
 LEVEL PRESSURE   UPWARD FLUX   DIFDOWN FLUX  DIRDOWN FLUX  DOWNWARD FLUX   NET FLUX    HEATING RATE
          mb          W/m2          W/m2          W/m2        W/m2          W/m2       degree/day
  51    .06700       29.9688        0.0000      146.7298      146.7298     116.761010       0.00000
  50    .07753       29.9686        0.0003      146.7292      146.7295     116.760911       0.07904
  49    .09103       29.9684        0.0006      146.7285      146.7291     116.760768       0.08965
  48    0.1069       29.9681        0.0010      146.7276      146.7287     116.760576       0.10223
  47    0.1255       29.9678        0.0015      146.7266      146.7281     116.760318       0.11653
  46    0.1487       29.9674        0.0021      146.7253      146.7273     116.759940       0.13809
  45    0.1794       29.9669        0.0028      146.7234      146.7262     116.759347       0.16259
  44    0.2165       29.9663        0.0038      146.7210      146.7248     116.758544       0.18273
  43    0.2613       29.9656        0.0049      146.7181      146.7230     116.757454       0.20543
  42    0.3336       29.9645        0.0067      146.7131      146.7198     116.755382       0.24158
  41    0.4307       29.9630        0.0091      146.7061      146.7153     116.752259       0.27155
  40    0.5894       29.9608        0.0131      146.6940      146.7071     116.746303       0.31674
  39     1.339       29.9523        0.0319      146.6227      146.6546     116.702307       0.49532
  38     1.782       29.9488        0.0429      146.5707      146.6136     116.664838       0.71334
  37     2.292       29.9462        0.0557      146.5011      146.5568     116.610618       0.89802
  36     2.964       29.9449        0.0724      146.3953      146.4677     116.522822       1.10211
  35     3.853       29.9462        0.0945      146.2353      146.3298     116.383608       1.32117
  34     5.035       29.9509        0.1238      146.0033      146.1271     116.176131       1.48213
  33     6.613       29.9588        0.1628      145.6842      145.8471     115.888232       1.53911
  32     8.786       29.9679        0.2153      145.2669      145.4822     115.514366       1.45196
  31     11.80       29.9749        0.2902      144.7126      145.0028     115.027863       1.36206
  30     15.07       29.9756        0.3703      144.1665      144.5368     114.561265       1.20467
  29     18.79       29.9702        0.4605      143.5941      144.0547     114.084494       1.08098
  28     23.16       29.9567        0.5655      142.9763      143.5419     113.585140       0.96559
  27     28.12       29.9331        0.6852      142.3283      143.0135     113.080427       0.85798
  26     33.73       29.8948        0.8187      141.6840      142.5027     112.607969       0.71035
  25     40.54       29.8348        0.9795      140.9979      141.9774     112.142620       0.57732
  24     48.69       29.7492        1.1727      140.2601      141.4328     111.683573       0.47504
  23     57.69       29.6424        1.3841      139.5352      140.9193     111.276902       0.38119
  22     68.43       29.5015        1.6349      138.7631      140.3980     110.896504       0.29904
  21     81.20       29.3150        1.9328      137.9651      139.8979     110.582946       0.20719
  20     96.49       29.0755        2.2862      137.1270      139.4132     110.337740       0.13534
  19     114.6       28.7826        2.7033      136.1935      138.8968     110.114249       0.10435
  18     136.5       28.4295        3.1938      135.1310      138.3247     109.895244       0.08421
  17     162.9       28.0038        3.7725      133.9081      137.6806     109.676832       0.06981
  16     196.4       27.4405        4.5149      132.4070      136.9219     109.481409       0.04919
  15     218.7       27.0666        4.9975      131.4546      136.4522     109.385570       0.03639
  14     243.0       26.6583        5.5177      130.4375      135.9552     109.296860       0.03077
  13     269.0       26.2139        6.0762      129.3545      135.4306     109.216705       0.02600
  12     297.5       25.7319        6.6737      128.2034      134.8771     109.145249       0.02119
  11     328.5       25.2100        7.3125      126.9734      134.2858     109.075893       0.01886
  10     361.9       24.6470        7.9921      125.6636      133.6557     109.008693       0.01700
   9     398.1       24.0402        8.7143      124.2690      132.9833     108.943049       0.01529
   8     437.6       23.3877        9.4792      122.7855      132.2647     108.876979       0.01413
   7     480.5       22.6872       10.2869      121.2105      131.4975     108.810258       0.01310
   6     533.0       21.8237       11.2642      119.2902      130.5544     108.730721       0.01279
   5     589.8       20.8914       12.2967      117.2373      129.5340     108.642640       0.01307
   4     651.6       19.8876       13.3826      115.0411      128.4237     108.536116       0.01457
   3     718.7       18.8088       14.5195      112.6923      127.2118     108.402986       0.01673
   2     792.3       17.6541       15.7024      110.1755      125.8779     108.223729       0.02056
   1     891.5       16.0980       17.2395      106.7596      123.9991     107.901009       0.02746
   0    1013.0       14.2325       18.9942      102.6512      121.6454     107.412865       0.03389



 Wavenumbers: 22650. - 29000. cm-1, ATM      1
 LEVEL PRESSURE   UPWARD FLUX   DIFDOWN FLUX  DIRDOWN FLUX  DOWNWARD FLUX   NET FLUX    HEATING RATE
          mb          W/m2          W/m2          W/m2        W/m2          W/m2       degree/day
  51    .06700       18.0182        0.0000       54.7270       54.7270      36.708723       0.00000
  50    .07753       18.0180        0.0003       54.7264       54.7267      36.708723       0.00000
  49    .09103       18.0177        0.0008       54.7257       54.7265      36.708723       0.00000
  48    0.1069       18.0174        0.0013       54.7249       54.7262      36.708723       0.00000
  47    0.1255       18.0171        0.0018       54.7240       54.7258      36.708723       0.00000
  46    0.1487       18.0166        0.0025       54.7228       54.7253      36.708723       0.00000
  45    0.1794       18.0160        0.0035       54.7212       54.7247      36.708723       0.00000
  44    0.2165       18.0153        0.0046       54.7193       54.7240      36.708723       0.00000
  43    0.2613       18.0144        0.0060       54.7171       54.7231      36.708723       0.00000
  42    0.3336       18.0130        0.0082       54.7134       54.7217      36.708723       0.00000
  41    0.4307       18.0110        0.0112       54.7085       54.7198      36.708723       0.00000
  40    0.5894       18.0079        0.0161       54.7006       54.7166      36.708723       0.00000
  39     1.339       17.9932        0.0391       54.6628       54.7019      36.708723       0.00000
  38     1.782       17.9845        0.0527       54.6406       54.6932      36.708723       0.00000
  37     2.292       17.9744        0.0683       54.6149       54.6832      36.708723       0.00000
  36     2.964       17.9613        0.0888       54.5811       54.6700      36.708723       0.00000
  35     3.853       17.9439        0.1159       54.5366       54.6526      36.708723       0.00000
  34     5.035       17.9207        0.1519       54.4775       54.6294      36.708723       0.00000
  33     6.613       17.8898        0.1999       54.3986       54.5985      36.708723       0.00000
  32     8.786       17.8482        0.2645       54.2923       54.5569      36.708723       0.00000
  31     11.80       17.7886        0.3567       54.1406       54.4973      36.708723       0.00000
  30     15.07       17.7247        0.4554       53.9780       54.4334      36.708723       0.00000
  29     18.79       17.6525        0.5664       53.7948       54.3612      36.708723       0.00000
  28     23.16       17.5682        0.6956       53.5813       54.2769      36.708723       0.00000
  27     28.12       17.4719        0.8426       53.3380       54.1806      36.708723       0.00000
  26     33.73       17.3643        1.0062       53.0668       54.0730      36.708723       0.00000
  25     40.54       17.2344        1.2025       52.7406       53.9431      36.708723       0.00000
  24     48.69       17.0781        1.4371       52.3497       53.7868      36.708723       0.00000
  23     57.69       16.9068        1.6924       51.9231       53.6155      36.708723       0.00000
  22     68.43       16.7032        1.9929       51.4191       53.4119      36.708723       0.00000
  21     81.20       16.4615        2.3459       50.8244       53.1703      36.708723       0.00000
  20     96.49       16.1747        2.7595       50.1240       52.8834      36.708723       0.00000
  19     114.6       15.8358        3.2405       49.3040       52.5446      36.708723       0.00000
  18     136.5       15.4365        3.7968       48.3485       52.1453      36.708723       0.00000
  17     162.9       14.9644        4.4398       47.2334       51.6731      36.708723       0.00000
  16     196.4       14.3575        5.2425       45.8237       51.0662      36.708723       0.00000
  15     218.7       13.9621        5.7512       44.9196       50.6708      36.708723       0.00000
  14     243.0       13.5350        6.2877       43.9560       50.2437      36.708723       0.00000
  13     269.0       13.0753        6.8502       42.9338       49.7840      36.708723       0.00000
  12     297.5       12.5821        7.4365       41.8543       49.2908      36.708723       0.00000
  11     328.5       12.0530        8.0455       40.7162       48.7617      36.708723       0.00000
  10     361.9       11.4877        8.6733       39.5231       48.1964      36.708723       0.00000
   9     398.1       10.8840        9.3175       38.2752       47.5927      36.708723       0.00000
   8     437.6       10.2409        9.9739       36.9757       46.9496      36.708723       0.00000
   7     480.5        9.5571       10.6381       35.6278       46.2658      36.708723       0.00000
   6     533.0        8.7227       11.4018       34.0296       45.4314      36.708723       0.00000
   5     589.8        7.8313       12.1606       32.3794       44.5400      36.708723       0.00000
   4     651.6        6.8813       12.9040       30.6860       43.5900      36.708723       0.00000
   3     718.7        5.8696       13.6246       28.9538       42.5784      36.708723       0.00000
   2     792.3        4.7959       14.3063       27.1983       41.5046      36.708723       0.00000
   1     891.5        3.3594       15.0874       24.9807       40.0681      36.708723       0.00000
   0    1013.0        1.6494       15.8298       22.5283       38.3581      36.708723       0.00000



 Wavenumbers: 29000. - 38000. cm-1, ATM      1
 LEVEL PRESSURE   UPWARD FLUX   DIFDOWN FLUX  DIRDOWN FLUX  DOWNWARD FLUX   NET FLUX    HEATING RATE
          mb          W/m2          W/m2          W/m2        W/m2          W/m2       degree/day
  51    .06700        4.2284        0.0000       21.1953       21.1953      16.966892       0.00000
  50    .07753        4.2281        0.0003       21.1903       21.1906      16.962484       3.53357
  49    .09103        4.2278        0.0007       21.1832       21.1839      16.956073       4.00691
  48    0.1069        4.2275        0.0012       21.1738       21.1750      16.947496       4.56569
  47    0.1255        4.2271        0.0017       21.1614       21.1631      16.936034       5.19638
  46    0.1487        4.2266        0.0024       21.1434       21.1458      16.919187       6.14087
  45    0.1794        4.2259        0.0033       21.1156       21.1189      16.892982       7.19388
  44    0.2165        4.2252        0.0043       21.0785       21.0829      16.857718       8.02187
  43    0.2613        4.2243        0.0056       21.0291       21.0347      16.810403       8.91862
  42    0.3336        4.2229        0.0077       20.9374       20.9451      16.722184      10.28549
  41    0.4307        4.2211        0.0103       20.8043       20.8147      16.593502      11.18866
  40    0.5894        4.2184        0.0146       20.5656       20.5802      16.361754      12.32402
  39     1.339        4.2086        0.0324       19.2538       19.2862      15.077638      14.45682
  38     1.782        4.2047        0.0414       18.5285       18.5699      14.365271      13.56232
  37     2.292        4.2016        0.0510       17.8013       17.8523      13.650675      11.83558
  36     2.964        4.1997        0.0626       17.0105       17.0731      12.873416       9.75695
  35     3.853        4.2001        0.0770       16.1718       16.2488      12.048644       7.82724
  34     5.035        4.2036        0.0949       15.3222       15.4172      11.213584       5.96532
  33     6.613        4.2102        0.1175       14.5022       14.6197      10.409491       4.29868
  32     8.786        4.2194        0.1470       13.7290       13.8760       9.656634       2.92382
  31     11.80        4.2304        0.1874       12.9706       13.1580       8.927610       2.04104
  30     15.07        4.2395        0.2289       12.3892       12.6181       8.378617       1.41739
  29     18.79        4.2477        0.2744       11.8849       12.1593       7.911623       1.05882
  28     23.16        4.2548        0.3256       11.4201       11.7456       7.490832       0.81367
  27     28.12        4.2598        0.3823       10.9927       11.3751       7.115301       0.63838
  26     33.73        4.2596        0.4444       10.6134       11.0578       6.798176       0.47681
  25     40.54        4.2524        0.5179       10.2465       10.7644       6.512051       0.35497
  24     48.69        4.2370        0.6043        9.8838       10.4881       6.251089       0.27006
  23     57.69        4.2136        0.6969        9.5520       10.2489       6.035251       0.20232
  22     68.43        4.1784        0.8047        9.2186       10.0233       5.844958       0.14960
  21     81.20        4.1251        0.9309        8.8904        9.8212       5.696127       0.09835
  20     96.49        4.0513        1.0777        8.5584        9.6361       5.584865       0.06141
  19     114.6        3.9596        1.2451        8.2022        9.4473       5.487656       0.04539
  18     136.5        3.8500        1.4331        7.8131        9.2462       5.396237       0.03515
  17     162.9        3.7197        1.6429        7.3856        9.0285       5.308790       0.02795
  16     196.4        3.5483        1.8962        6.8860        8.7822       5.233892       0.01885
  15     218.7        3.4359        2.0513        6.5829        8.6342       5.198264       0.01353
  14     243.0        3.3150        2.2098        6.2712        8.4810       5.166004       0.01119
  13     269.0        3.1853        2.3704        5.9525        8.3229       5.137637       0.00920
  12     297.5        3.0467        2.5317        5.6282        8.1599       5.113196       0.00725
  11     328.5        2.8994        2.6914        5.2984        7.9898       5.090376       0.00620
  10     361.9        2.7435        2.8478        4.9650        7.8128       5.069239       0.00535
   9     398.1        2.5788        2.9992        4.6294        7.6286       5.049793       0.00453
   8     437.6        2.4051        3.1435        4.2932        7.4367       5.031644       0.00388
   7     480.5        2.2225        3.2777        3.9598        7.2375       5.015028       0.00326
   6     533.0        2.0022        3.4166        3.5833        6.9999       4.997664       0.00279
   5     589.8        1.7699        3.5360        3.2155        6.7516       4.981678       0.00237
   4     651.6        1.5253        3.6320        2.8602        6.4922       4.966908       0.00202
   3     718.7        1.2678        3.7015        2.5197        6.2212       4.953350       0.00170
   2     792.3        0.9973        3.7407        2.1977        5.9383       4.941033       0.00141
   1     891.5        0.6386        3.7428        1.8231        5.5659       4.927246       0.00117
   0    1013.0        0.2154        3.6777        1.4518        5.1294       4.914003       0.00092



 Wavenumbers: 38000. - 50000. cm-1, ATM      1
 LEVEL PRESSURE   UPWARD FLUX   DIFDOWN FLUX  DIRDOWN FLUX  DOWNWARD FLUX   NET FLUX    HEATING RATE
          mb          W/m2          W/m2          W/m2        W/m2          W/m2       degree/day
  51    .06700        0.0065        0.0000        1.3016        1.3016       1.295175       0.00000
  50    .07753        0.0064        0.0001        1.2989        1.2990       1.292610       2.05534
  49    .09103        0.0063        0.0002        1.2951        1.2953       1.288950       2.28758
  48    0.1069        0.0062        0.0003        1.2901        1.2904       1.284140       2.56049
  47    0.1255        0.0061        0.0004        1.2836        1.2839       1.277818       2.86640
  46    0.1487        0.0060        0.0005        1.2741        1.2747       1.268672       3.33359
  45    0.1794        0.0058        0.0007        1.2598        1.2605       1.254656       3.84784
  44    0.2165        0.0057        0.0010        1.2408        1.2417       1.236093       4.22270
  43    0.2613        0.0054        0.0012        1.2158        1.2171       1.211618       4.61347
  42    0.3336        0.0051        0.0016        1.1705        1.1721       1.167021       5.19959
  41    0.4307        0.0047        0.0021        1.1065        1.1086       1.103911       5.48721
  40    0.5894        0.0041        0.0028        0.9971        0.9999       0.995799       5.74927
  39     1.339        0.0023        0.0037        0.5164        0.5201       0.517779       5.38164
  38     1.782        0.0017        0.0033        0.3380        0.3414       0.339682       3.39068
  37     2.292        0.0012        0.0028        0.2164        0.2192       0.217953       2.01614
  36     2.964        0.0009        0.0023        0.1329        0.1352       0.134277       1.05040
  35     3.853        0.0006        0.0018        0.0784        0.0802       0.079543       0.51943
  34     5.035        0.0004        0.0014        0.0451        0.0464       0.046018       0.23949
  33     6.613        0.0003        0.0010        0.0255        0.0266       0.026298       0.10542
  32     8.786        0.0002        0.0008        0.0135        0.0143       0.014127       0.04727
  31     11.80        0.0001        0.0005        0.0061        0.0066       0.006524       0.02129
  30     15.07        0.0000        0.0003        0.0029        0.0032       0.003126       0.00877
  29     18.79        0.0000        0.0002        0.0013        0.0015       0.001469       0.00376
  28     23.16        0.0000        0.0001        0.0006        0.0007       0.000656       0.00157
  27     28.12        0.0000        0.0001        0.0002        0.0003       0.000282       0.00064
  26     33.73        0.0000        0.0000        0.0001        0.0001       0.000120       0.00024
  25     40.54        0.0000        0.0000        0.0000        0.0000       0.000048       0.00009
  24     48.69        0.0000        0.0000        0.0000        0.0000       0.000017       0.00003
  23     57.69        0.0000        0.0000        0.0000        0.0000       0.000006       0.00001
  22     68.43        0.0000        0.0000        0.0000        0.0000       0.000002       0.00000
  21     81.20        0.0000        0.0000        0.0000        0.0000       0.000001       0.00000
  20     96.49        0.0000        0.0000        0.0000        0.0000       0.000000       0.00000
  19     114.6        0.0000        0.0000        0.0000        0.0000       0.000000       0.00000
  18     136.5        0.0000        0.0000        0.0000        0.0000       0.000000       0.00000
  17     162.9        0.0000        0.0000        0.0000        0.0000       0.000000       0.00000
  16     196.4        0.0000        0.0000        0.0000        0.0000       0.000000       0.00000
  15     218.7        0.0000        0.0000        0.0000        0.0000       0.000000       0.00000
  14     243.0        0.0000        0.0000        0.0000        0.0000       0.000000       0.00000
  13     269.0        0.0000        0.0000        0.0000        0.0000       0.000000       0.00000
  12     297.5        0.0000        0.0000        0.0000        0.0000       0.000000       0.00000
  11     328.5        0.0000        0.0000        0.0000        0.0000       0.000000       0.00000
  10     361.9        0.0000        0.0000        0.0000        0.0000       0.000000       0.00000
   9     398.1        0.0000        0.0000        0.0000        0.0000       0.000000       0.00000
   8     437.6        0.0000        0.0000        0.0000        0.0000       0.000000       0.00000
   7     480.5        0.0000        0.0000        0.0000        0.0000       0.000000       0.00000
   6     533.0        0.0000        0.0000        0.0000        0.0000       0.000000       0.00000
   5     589.8        0.0000        0.0000        0.0000        0.0000       0.000000       0.00000
   4     651.6        0.0000        0.0000        0.0000        0.0000       0.000000       0.00000
   3     718.7        0.0000        0.0000        0.0000        0.0000       0.000000       0.00000
   2     792.3        0.0000        0.0000        0.0000        0.0000       0.000000       0.00000
   1     891.5        0.0000        0.0000        0.0000        0.0000       0.000000       0.00000
   0    1013.0        0.0000        0.0000        0.0000        0.0000       0.000000       0.00000



 Wavenumbers:   820. -  2600. cm-1, ATM      1
 LEVEL PRESSURE   UPWARD FLUX   DIFDOWN FLUX  DIRDOWN FLUX  DOWNWARD FLUX   NET FLUX    HEATING RATE
          mb          W/m2          W/m2          W/m2        W/m2          W/m2       degree/day
  51    .06700        0.0194        0.0000        5.4473        5.4473       5.427931       0.00000
  50    .07753        0.0194        0.0000        5.4404        5.4404       5.421085       5.48702
  49    .09103        0.0194        0.0000        5.4388        5.4388       5.419485       0.99994
  48    0.1069        0.0194        0.0000        5.4371        5.4371       5.417707       0.94668
  47    0.1255        0.0194        0.0000        5.4351        5.4351       5.415728       0.89681
  46    0.1487        0.0194        0.0000        5.4327        5.4327       5.413373       0.85871
  45    0.1794        0.0194        0.0000        5.4298        5.4298       5.410465       0.79821
  44    0.2165        0.0194        0.0000        5.4268        5.4268       5.407452       0.68547
  43    0.2613        0.0194        0.0000        5.4237        5.4237       5.404359       0.58289
  42    0.3336        0.0194        0.0000        5.4193        5.4193       5.399994       0.50893
  41    0.4307        0.0194        0.0000        5.4143        5.4143       5.394908       0.44227
  40    0.5894        0.0194        0.0000        5.4064        5.4064       5.387013       0.41983
  39     1.339        0.0194        0.0000        5.3717        5.3717       5.352326       0.39051
  38     1.782        0.0194        0.0000        5.3533        5.3533       5.333897       0.35085
  37     2.292        0.0194        0.0000        5.3330        5.3330       5.313669       0.33504
  36     2.964        0.0194        0.0000        5.3079        5.3079       5.288553       0.31527
  35     3.853        0.0194        0.0000        5.2769        5.2769       5.257536       0.29436
  34     5.035        0.0194        0.0000        5.2389        5.2389       5.219544       0.27140
  33     6.613        0.0194        0.0000        5.1921        5.1921       5.172703       0.25041
  32     8.786        0.0194        0.0000        5.1340        5.1340       5.114644       0.22548
  31     11.80        0.0194        0.0000        5.0636        5.0636       5.044280       0.19700
  30     15.07        0.0194        0.0000        5.0068        5.0068       4.987396       0.14686
  29     18.79        0.0194        0.0000        4.9625        4.9625       4.943145       0.10033
  28     23.16        0.0194        0.0000        4.9288        4.9288       4.909492       0.06507
  27     28.12        0.0194        0.0000        4.9025        4.9025       4.883165       0.04475
  26     33.73        0.0194        0.0000        4.8791        4.8791       4.859772       0.03517
  25     40.54        0.0194        0.0000        4.8536        4.8536       4.834206       0.03172
  24     48.69        0.0194        0.0000        4.8242        4.8242       4.804826       0.03040
  23     57.69        0.0194        0.0000        4.7928        4.7928       4.773416       0.02944
  22     68.43        0.0194        0.0000        4.7564        4.7564       4.737010       0.02862
  21     81.20        0.0194        0.0000        4.7148        4.7149       4.695502       0.02743
  20     96.49        0.0194        0.0000        4.6674        4.6674       4.648083       0.02617
  19     114.6        0.0194        0.0000        4.6131        4.6131       4.593772       0.02536
  18     136.5        0.0194        0.0000        4.5517        4.5517       4.532343       0.02362
  17     162.9        0.0194        0.0000        4.4767        4.4768       4.457393       0.02396
  16     196.4        0.0194        0.0000        4.3667        4.3667       4.347337       0.02770
  15     218.7        0.0194        0.0000        4.2700        4.2700       4.250675       0.03670
  14     243.0        0.0194        0.0000        4.1368        4.1368       4.117409       0.04622
  13     269.0        0.0194        0.0000        3.9825        3.9826       3.963172       0.05003
  12     297.5        0.0194        0.0000        3.8046        3.8046       3.785165       0.05279
  11     328.5        0.0194        0.0000        3.6007        3.6007       3.581246       0.05545
  10     361.9        0.0195        0.0000        3.3643        3.3643       3.344787       0.05983
   9     398.1        0.0196        0.0000        3.1200        3.1201       3.100510       0.05691
   8     437.6        0.0196        0.0000        2.9012        2.9012       2.881573       0.04681
   7     480.5        0.0197        0.0000        2.7370        2.7371       2.717344       0.03225
   6     533.0        0.0199        0.0000        2.5936        2.5936       2.573746       0.02310
   5     589.8        0.0201        0.0000        2.4452        2.4452       2.425154       0.02206
   4     651.6        0.0204        0.0000        2.2558        2.2559       2.235474       0.02594
   3     718.7        0.0210        0.0000        2.0397        2.0398       2.018791       0.02723
   2     792.3        0.0220        0.0000        1.8047        1.8048       1.782780       0.02707
   1     891.5        0.0246        0.0000        1.4809        1.4810       1.456380       0.02778
   0    1013.0        0.0317        0.0000        1.0571        1.0572       1.025442       0.02992

  Modules and versions used in this calculation:

       rrtmg_sw.1col.f90:  $Revision: 11661 $            rrtmg_sw_init.f90:  $Revision: 23308 $
     rrtmgsw_cldprop.f90:  $Revision: 23308 $          rrtmgsw_cldprmc.f90:  NOT USED          
     rrtmg_sw_reftra.f90:  $Revision: 11661 $          rrtmg_sw_spcvrt.f90:  NOT USED          
     rrtmg_sw_spcvmc.f90:  NOT USED                    rrtmgsw_setcoef.f90:  NOT USED          
     rrtmg_sw_taumol.f90:  $Revision: 11661 $          rrtmg_sw_vrtqdr.f90:  NOT USED          
                rrtatm.f:  NOT USED                             util_xxx.f:  NOT USED          
                 extra.f:  NOT USED                       rrtmg_sw_k_g.f90:  $Revision: 11661 $

