

 Wavenumbers:   820. - 50000. cm-1, ATM      1
 LEVEL PRESSURE   UPWARD FLUX   DIFDOWN FLUX  DIRDOWN FLUX  DOWNWARD FLUX   NET FLUX    HEATING RATE
          mb          W/m2          W/m2          W/m2        W/m2          W/m2       degree/day
  59    0.1000      257.4306        0.0000     1368.2222     1368.2222    1110.791551       0.00000
  58    0.1400      257.4288        0.0045     1368.1276     1368.1322    1110.703388      18.60036
  57    0.1970      257.4263        0.0109     1368.0089     1368.0199    1110.593537      16.26406
  56    0.2760      257.4234        0.0198     1367.8177     1367.8374    1110.414053      19.17332
  55    0.3870      257.4200        0.0320     1367.4987     1367.5307    1110.110724      23.06164
  54    0.5430      257.4165        0.0490     1366.9687     1367.0178    1109.601251      27.56099
  53    0.7620      257.4135        0.0726     1366.1229     1366.1955    1108.782012      31.56931
  52     1.070      257.4126        0.1037     1364.8630     1364.9667    1107.554152      33.64313
  51     1.500      257.4183        0.1463     1362.9493     1363.0956    1105.677338      36.83421
  50     2.100      257.4345        0.2041     1360.5718     1360.7759    1103.341429      32.85513
  49     2.950      257.4654        0.2842     1358.0282     1358.3125    1100.847067      24.76504
  48     4.130      257.5134        0.3957     1355.5472     1355.9430    1098.429565      17.28954
  47     5.800      257.5799        0.5507     1353.1072     1353.6579    1096.078035      11.88317
  46     8.130      257.6664        0.7664     1350.5824     1351.3488    1093.682388       8.67692
  45     11.41      257.7721        1.0662     1347.8719     1348.9381    1091.165993       6.47446
  44     16.01      257.8979        1.4821     1344.8485     1346.3306    1088.432754       5.01439
  43     22.46      258.0598        2.0574     1341.2960     1343.3534    1085.293576       4.10728
  42     31.51      258.2787        2.8514     1337.0287     1339.8801    1081.601374       3.44299
  41     44.20      258.5398        3.9489     1331.9669     1335.9158    1077.375959       2.81000
  40     62.00      258.7670        5.4657     1326.0694     1331.5351    1072.768108       2.18462
  39     85.77      258.6786        7.4736     1319.8552     1327.3288    1068.650213       1.46199
  38     109.5      258.3390        9.4633     1314.5278     1323.9911    1065.652113       1.06443
  37     133.3      257.8465       11.4203     1309.7189     1321.1392    1063.292741       0.83730
  36     157.1      257.2343       13.3616     1305.2494     1318.6111    1061.376754       0.67995
  35     180.9      256.5249       15.2811     1301.0151     1316.2962    1059.771317       0.56998
  34     204.7      255.7791       17.1660     1296.8463     1314.0123    1058.233260       0.54583
  33     228.4      255.0142       19.0282     1292.6080     1311.6362    1056.621967       0.57206
  32     252.2      254.2340       20.8609     1288.2629     1309.1238    1054.889752       0.61474
  31     276.0      253.4300       22.6692     1283.9234     1306.5926    1053.162527       0.61322
  30     299.8      252.6033       24.4512     1279.6237     1304.0749    1051.471627       0.60007
  29     323.5      251.7547       26.2017     1275.4530     1301.6547    1049.900036       0.55797
  28     347.3      250.8828       27.9419     1271.1918     1299.1337    1048.250916       0.58549
  27     371.1      250.0116       29.6463     1266.3517     1295.9980    1045.986398       0.80364
  26     394.9      249.1415       31.3244     1260.6761     1292.0005    1042.858963       1.10988
  25     418.6      248.2639       32.9890     1254.7377     1287.7267    1039.462751       1.20577
  24     442.4      247.3956       34.6094     1248.8275     1283.4369    1036.041283       1.21474
  23     466.2      246.5189       36.2251     1242.7594     1278.9845    1032.465683       1.26892
  22     490.0      245.6545       37.8055     1236.5583     1274.3639    1028.709316       1.33308
  21     513.7      244.8076       39.3474     1230.2318     1269.5792    1024.771595       1.39802
  20     537.5      243.9604       40.8892     1223.6032     1264.4924    1020.532014       1.50456
  19     561.3      243.1357       42.3962     1216.8032     1259.1994    1016.063710       1.58640
  18     585.0      242.3402       43.8645     1209.8490     1253.7134    1011.373212       1.66528
  17     608.8      241.5607       45.3253     1202.6474     1247.9727    1006.411975       1.76066
  16     632.6      240.8036       46.7633     1195.4729     1242.2362    1001.432581       1.76711
  15     656.4      240.0750       48.1729     1188.3599     1236.5328     996.457817       1.76621
  14     680.1      239.3808       49.5512     1181.3272     1230.8784     991.497574       1.76105
  13     703.9      238.7082       50.9207     1174.3641     1225.2848     986.576643       1.74636
  12     727.7      238.0647       52.2616     1167.6431     1219.9047     981.839976       1.68097
  11     751.5      237.4515       53.5797     1161.0997     1214.6794     977.227920       1.63743
  10     775.3      236.8744       54.8703     1154.7408     1209.6111     972.736726       1.59385
   9     799.0      236.3280       56.1503     1148.4904     1204.6407     968.312694       1.57068
   8     822.8      235.8198       57.4045     1142.4407     1199.8452     964.025429       1.52148
   7     846.6      235.3528       58.6369     1136.5534     1195.1903     959.837509       1.48685
   6     870.4      234.9341       59.8458     1130.8183     1190.6641     955.729989       1.45769
   5     894.1      234.5706       61.0302     1125.2320     1186.2622     951.691655       1.43374
   4     917.9      234.2442       62.2038     1119.8284     1182.0322     947.787959       1.38594
   3     941.7      233.9568       63.3577     1114.6491     1178.0068     944.049976       1.32655
   2     965.5      233.7108       64.4937     1109.6733     1174.1669     940.456179       1.27538
   1     989.2      233.5190       65.6102     1104.8700     1170.4802     936.961172       1.24032
   0    1013.0      233.3859       66.7121     1100.2175     1166.9296     933.543690       1.21332

  Modules and versions used in this calculation:

       rrtmg_sw.1col.f90:  $Revision: 11661 $            rrtmg_sw_init.f90:  $Revision: 23308 $
     rrtmgsw_cldprop.f90:  $Revision: 23308 $          rrtmgsw_cldprmc.f90:  NOT USED          
     rrtmg_sw_reftra.f90:  $Revision: 11661 $          rrtmg_sw_spcvrt.f90:  NOT USED          
     rrtmg_sw_spcvmc.f90:  NOT USED                    rrtmgsw_setcoef.f90:  NOT USED          
     rrtmg_sw_taumol.f90:  $Revision: 11661 $          rrtmg_sw_vrtqdr.f90:  NOT USED          
                rrtatm.f:  NOT USED                             util_xxx.f:  NOT USED          
                 extra.f:  NOT USED                       rrtmg_sw_k_g.f90:  $Revision: 11661 $

