

 Wavenumbers:   820. - 50000. cm-1, ATM      1
 LEVEL PRESSURE   UPWARD FLUX   DIFDOWN FLUX  DIRDOWN FLUX  DOWNWARD FLUX   NET FLUX    HEATING RATE
          mb          W/m2          W/m2          W/m2        W/m2          W/m2       degree/day
  47   .000061      176.8756        0.0000      962.8687      962.8687     785.993082       0.00000
  46   .000117      176.8756        0.0000      962.8686      962.8686     785.992986      14.39785
  45   .000258      176.8756        0.0000      962.8682      962.8682     785.992611      22.46365
  44   .000625      176.8756        0.0001      962.8671      962.8672     785.991625      22.66832
  43   .001640      176.8755        0.0002      962.8648      962.8650     785.989451      18.07799
  42   .004480      176.8754        0.0005      962.8592      962.8596     785.984279      15.36929
  41    .01200      176.8749        0.0013      962.8493      962.8506     785.975683       9.64601
  40    .03000      176.8738        0.0032      962.8342      962.8373     785.963492       5.71590
  39    .06700      176.8716        0.0071      962.8026      962.8097     785.938125       5.78574
  38    0.1390      176.8675        0.0147      962.7172      962.7319     785.864405       8.64079
  37    0.2720      176.8606        0.0288      962.4908      962.5195     785.658882      13.04085
  36    0.5150      176.8497        0.0538      961.9640      962.0178     785.168082      17.04500
  35    0.9510      176.8339        0.0976      960.7935      960.8911     784.057127      21.50347
  34     1.290      176.8249        0.1301      959.7936      959.9237     783.098741      23.85828
  33     1.760      176.8169        0.1734      958.4362      958.6096     781.792714      23.45055
  32     2.410      176.8138        0.2323      956.7362      956.9684     780.154637      21.26765
  31     3.330      176.8235        0.3140      954.8154      955.1294     778.305881      16.95861
  30     4.640      176.8554        0.4289      952.7564      953.1852     776.329802      12.73009
  29     6.520      176.9144        0.5921      950.5562      951.1483     774.233908       9.40828
  28     9.300      176.9945        0.8273      948.2021      949.0294     772.034893       6.67547
  27     13.20      177.0814        1.1675      945.6248      946.7922     769.710850       5.02896
  26     19.07      177.1615        1.6613      942.6665      944.3278     767.166305       3.65823
  25     27.70      177.2056        2.3826      939.1841      941.5667     764.361054       2.74321
  24     32.20      177.1935        2.7568      937.6430      940.3998     763.206328       2.16553
  23     37.60      177.1476        3.1936      936.0243      939.2179     762.070364       1.77529
  22     43.70      177.0646        3.7027      934.2946      937.9973     760.932710       1.57391
  21     51.00      176.9356        4.2958      932.4368      936.7326     759.797075       1.31285
  20     59.50      176.7503        4.9877      930.4242      935.4120     758.661645       1.12730
  19     69.50      176.4904        5.7949      928.2473      934.0422     757.551822       0.93660
  18     81.20      176.1278        6.7379      925.9111      932.6490     756.521219       0.74337
  17     95.00      175.6486        7.8384      923.3624      931.2008     755.552155       0.59261
  16     111.0      175.0632        9.1161      920.4804      929.5965     754.533301       0.53739
  15     130.0      174.3585       10.5819      917.2116      927.7935     753.435024       0.48782
  14     153.0      173.5148       12.2829      913.4547      925.7376     752.222776       0.44480
  13     179.0      172.4973       14.2434      909.1115      923.3549     750.857523       0.44314
  12     209.0      171.2939       16.4531      903.8489      920.3020     749.008051       0.52027
  11     243.0      169.9131       18.8936      896.9202      915.8137     745.900633       0.77129
  10     281.0      168.3421       21.5697      887.3321      908.9018     740.559720       1.18612
   9     324.0      166.5690       24.4833      875.4284      899.9116     733.342588       1.41643
   8     372.0      164.5822       27.6331      862.1420      889.7751     725.192910       1.43284
   7     426.0      162.3693       31.0136      846.7864      877.8000     715.430747       1.52564
   6     487.0      159.9192       34.6165      829.1442      863.7607     703.841487       1.60334
   5     554.0      157.2291       38.4280      809.4923      847.9204     690.691299       1.65636
   4     628.0      154.3363       42.4196      786.8730      829.2926     674.956363       1.79445
   3     710.0      151.3328       46.5520      761.0700      807.6220     656.289281       1.92115
   2     802.0      148.4323       50.7833      732.4627      783.2460     634.813727       1.96995
   1     902.0      146.1205       55.0643      701.4224      756.4867     610.366142       2.06317
   0    1013.0      145.6662       59.3450      668.9859      728.3310     582.664762       2.10609



 Wavenumbers:  2600. -  3250. cm-1, ATM      1
 LEVEL PRESSURE   UPWARD FLUX   DIFDOWN FLUX  DIRDOWN FLUX  DOWNWARD FLUX   NET FLUX    HEATING RATE
          mb          W/m2          W/m2          W/m2        W/m2          W/m2       degree/day
  47   .000061        0.5334        0.0000        8.4849        8.4849       7.951506       0.00000
  46   .000117        0.5334        0.0000        8.4849        8.4849       7.951506       0.00457
  45   .000258        0.5334        0.0000        8.4849        8.4849       7.951506       0.00494
  44   .000625        0.5334        0.0000        8.4849        8.4849       7.951505       0.00533
  43   .001640        0.5334        0.0000        8.4849        8.4849       7.951505       0.00568
  42   .004480        0.5334        0.0000        8.4849        8.4849       7.951503       0.00605
  41    .01200        0.5334        0.0000        8.4849        8.4849       7.951497       0.00615
  40    .03000        0.5334        0.0000        8.4849        8.4849       7.951484       0.00604
  39    .06700        0.5334        0.0000        8.4849        8.4849       7.951457       0.00615
  38    0.1390        0.5334        0.0000        8.4848        8.4848       7.951405       0.00611
  37    0.2720        0.5334        0.0000        8.4847        8.4847       7.951309       0.00610
  36    0.5150        0.5334        0.0000        8.4846        8.4846       7.951130       0.00621
  35    0.9510        0.5334        0.0000        8.4842        8.4842       7.950762       0.00713
  34     1.290        0.5334        0.0000        8.4839        8.4839       7.950415       0.00864
  33     1.760        0.5334        0.0000        8.4833        8.4833       7.949840       0.01033
  32     2.410        0.5334        0.0000        8.4823        8.4823       7.948896       0.01225
  31     3.330        0.5334        0.0000        8.4808        8.4808       7.947383       0.01388
  30     4.640        0.5334        0.0000        8.4784        8.4785       7.945011       0.01528
  29     6.520        0.5334        0.0000        8.4748        8.4748       7.941398       0.01622
  28     9.300        0.5334        0.0000        8.4695        8.4695       7.936079       0.01614
  27     13.20        0.5334        0.0000        8.4621        8.4621       7.928635       0.01611
  26     19.07        0.5334        0.0000        8.4524        8.4524       7.918938       0.01394
  25     27.70        0.5334        0.0000        8.4405        8.4405       7.907082       0.01159
  24     32.20        0.5334        0.0000        8.4349        8.4349       7.901456       0.01055
  23     37.60        0.5334        0.0000        8.4283        8.4283       7.894847       0.01033
  22     43.70        0.5334        0.0000        8.4203        8.4204       7.886919       0.01097
  21     51.00        0.5334        0.0000        8.4106        8.4106       7.877143       0.01130
  20     59.50        0.5334        0.0000        8.3983        8.3983       7.864830       0.01222
  19     69.50        0.5335        0.0000        8.3827        8.3827       7.849240       0.01316
  18     81.20        0.5335        0.0000        8.3630        8.3631       7.829605       0.01416
  17     95.00        0.5335        0.0000        8.3387        8.3387       7.805238       0.01490
  16     111.0        0.5335        0.0000        8.3082        8.3083       7.774751       0.01608
  15     130.0        0.5335        0.0001        8.2719        8.2720       7.738434       0.01613
  14     153.0        0.5336        0.0001        8.2293        8.2293       7.695759       0.01566
  13     179.0        0.5336        0.0001        8.1802        8.1803       7.646654       0.01594
  12     209.0        0.5338        0.0001        8.1237        8.1237       7.589974       0.01594
  11     243.0        0.5340        0.0001        8.0515        8.0516       7.517628       0.01796
  10     281.0        0.5345        0.0001        7.9541        7.9543       7.419773       0.02173
   9     324.0        0.5353        0.0001        7.8318        7.8319       7.296640       0.02417
   8     372.0        0.5365        0.0001        7.6853        7.6854       7.148928       0.02597
   7     426.0        0.5384        0.0001        7.4938        7.4939       6.955486       0.03023
   6     487.0        0.5415        0.0002        7.2274        7.2276       6.686126       0.03727
   5     554.0        0.5462        0.0002        6.8718        6.8720       6.325850       0.04538
   4     628.0        0.5543        0.0002        6.4002        6.4004       5.846076       0.05471
   3     710.0        0.5686        0.0002        5.8532        5.8534       5.284796       0.05776
   2     802.0        0.5951        0.0002        5.2421        5.2423       4.647191       0.05849
   1     902.0        0.6482        0.0002        4.5572        4.5573       3.909111       0.06229
   0    1013.0        0.7699        0.0002        3.8495        3.8496       3.079717       0.06306



 Wavenumbers:  3250. -  4000. cm-1, ATM      1
 LEVEL PRESSURE   UPWARD FLUX   DIFDOWN FLUX  DIRDOWN FLUX  DOWNWARD FLUX   NET FLUX    HEATING RATE
          mb          W/m2          W/m2          W/m2        W/m2          W/m2       degree/day
  47   .000061        0.0007        0.0000       14.3033       14.3033      14.302646       0.00000
  46   .000117        0.0007        0.0000       14.3033       14.3033      14.302637       1.29588
  45   .000258        0.0007        0.0000       14.3033       14.3033      14.302600       2.24485
  44   .000625        0.0007        0.0000       14.3031       14.3031      14.302454       3.36349
  43   .001640        0.0007        0.0000       14.3026       14.3026      14.301971       4.00917
  42   .004480        0.0007        0.0000       14.3013       14.3013      14.300644       3.94387
  41    .01200        0.0007        0.0000       14.2984       14.2984      14.297759       3.23792
  40    .03000        0.0007        0.0000       14.2940       14.2940      14.293290       2.09498
  39    .06700        0.0007        0.0000       14.2885       14.2885      14.287840       1.24320
  38    0.1390        0.0007        0.0000       14.2809       14.2809      14.280226       0.89242
  37    0.2720        0.0007        0.0000       14.2699       14.2699      14.269222       0.69826
  36    0.5150        0.0007        0.0000       14.2557       14.2557      14.255029       0.49288
  35    0.9510        0.0007        0.0000       14.2360       14.2360      14.235328       0.38133
  34     1.290        0.0007        0.0000       14.2228       14.2228      14.222098       0.32935
  33     1.760        0.0007        0.0000       14.2070       14.2070      14.206386       0.28213
  32     2.410        0.0007        0.0000       14.1888       14.1888      14.188131       0.23701
  31     3.330        0.0007        0.0000       14.1674       14.1674      14.166731       0.19630
  30     4.640        0.0007        0.0000       14.1412       14.1412      14.140585       0.16844
  29     6.520        0.0007        0.0000       14.1067       14.1067      14.106091       0.15484
  28     9.300        0.0006        0.0000       14.0569       14.0569      14.056298       0.15115
  27     13.20        0.0006        0.0000       13.9811       13.9812      13.980519       0.16398
  26     19.07        0.0006        0.0000       13.8646       13.8646      13.863961       0.16757
  25     27.70        0.0006        0.0000       13.6884       13.6884      13.687826       0.17224
  24     32.20        0.0006        0.0000       13.5983       13.5984      13.597770       0.16889
  23     37.60        0.0006        0.0001       13.4973       13.4974      13.496778       0.15783
  22     43.70        0.0006        0.0001       13.3864       13.3865      13.385856       0.15346
  21     51.00        0.0006        0.0001       13.2673       13.2674      13.266782       0.13765
  20     59.50        0.0006        0.0001       13.1404       13.1405      13.139906       0.12597
  19     69.50        0.0006        0.0001       13.0048       13.0049      13.004345       0.11440
  18     81.20        0.0006        0.0001       12.8556       12.8557      12.855153       0.10761
  17     95.00        0.0005        0.0001       12.6869       12.6870      12.686459       0.10316
  16     111.0        0.0005        0.0001       12.4849       12.4850      12.484489       0.10653
  15     130.0        0.0005        0.0002       12.2554       12.2556      12.255086       0.10189
  14     153.0        0.0005        0.0002       11.9886       11.9888      11.988296       0.09789
  13     179.0        0.0004        0.0002       11.6656       11.6658      11.665374       0.10481
  12     209.0        0.0004        0.0002       11.1686       11.1688      11.168404       0.13980
  11     243.0        0.0004        0.0003       10.3845       10.3848      10.384398       0.19460
  10     281.0        0.0003        0.0003        9.2420        9.2423       9.241953       0.25372
   9     324.0        0.0003        0.0003        7.9740        7.9742       7.973918       0.24886
   8     372.0        0.0003        0.0002        6.7351        6.7354       6.735092       0.21780
   7     426.0        0.0003        0.0002        5.5376        5.5378       5.537547       0.18715
   6     487.0        0.0002        0.0002        4.4782        4.4784       4.478116       0.14657
   5     554.0        0.0002        0.0002        3.5195        3.5197       3.519434       0.12075
   4     628.0        0.0003        0.0001        2.5830        2.5831       2.582854       0.10681
   3     710.0        0.0003        0.0001        1.6743        1.6744       1.674054       0.09353
   2     802.0        0.0006        0.0001        0.9011        0.9011       0.900524       0.07096
   1     902.0        0.0020        0.0000        0.3653        0.3653       0.363356       0.04533
   0    1013.0        0.0163        0.0000        0.0816        0.0816       0.065251       0.02266



 Wavenumbers:  4000. -  4650. cm-1, ATM      1
 LEVEL PRESSURE   UPWARD FLUX   DIFDOWN FLUX  DIRDOWN FLUX  DOWNWARD FLUX   NET FLUX    HEATING RATE
          mb          W/m2          W/m2          W/m2        W/m2          W/m2       degree/day
  47   .000061        2.0237        0.0000       16.7953       16.7953      14.771574       0.00000
  46   .000117        2.0237        0.0000       16.7953       16.7953      14.771574       0.00058
  45   .000258        2.0237        0.0000       16.7953       16.7953      14.771574       0.00062
  44   .000625        2.0237        0.0000       16.7953       16.7953      14.771574       0.00067
  43   .001640        2.0237        0.0000       16.7953       16.7953      14.771574       0.00071
  42   .004480        2.0237        0.0000       16.7953       16.7953      14.771574       0.00075
  41    .01200        2.0237        0.0000       16.7953       16.7953      14.771573       0.00077
  40    .03000        2.0237        0.0000       16.7953       16.7953      14.771571       0.00075
  39    .06700        2.0237        0.0000       16.7953       16.7953      14.771568       0.00077
  38    0.1390        2.0237        0.0000       16.7953       16.7953      14.771562       0.00076
  37    0.2720        2.0237        0.0000       16.7953       16.7953      14.771550       0.00076
  36    0.5150        2.0237        0.0000       16.7952       16.7952      14.771527       0.00078
  35    0.9510        2.0237        0.0000       16.7952       16.7952      14.771481       0.00089
  34     1.290        2.0237        0.0000       16.7951       16.7952      14.771437       0.00109
  33     1.760        2.0237        0.0000       16.7951       16.7951      14.771364       0.00131
  32     2.410        2.0237        0.0000       16.7949       16.7950      14.771242       0.00158
  31     3.330        2.0237        0.0000       16.7947       16.7948      14.771041       0.00184
  30     4.640        2.0237        0.0000       16.7944       16.7944      14.770713       0.00211
  29     6.520        2.0237        0.0000       16.7939       16.7939      14.770182       0.00239
  28     9.300        2.0237        0.0000       16.7930       16.7930      14.769316       0.00263
  27     13.20        2.0237        0.0001       16.7915       16.7916      14.767899       0.00307
  26     19.07        2.0237        0.0001       16.7892       16.7892      14.765575       0.00334
  25     27.70        2.0236        0.0001       16.7853       16.7854      14.761758       0.00373
  24     32.20        2.0236        0.0001       16.7831       16.7832      14.759545       0.00415
  23     37.60        2.0236        0.0001       16.7802       16.7803      14.756679       0.00448
  22     43.70        2.0236        0.0002       16.7765       16.7766      14.753004       0.00508
  21     51.00        2.0236        0.0002       16.7718       16.7720      14.748345       0.00539
  20     59.50        2.0236        0.0002       16.7659       16.7661      14.742529       0.00577
  19     69.50        2.0236        0.0003       16.7587       16.7590      14.735387       0.00603
  18     81.20        2.0236        0.0003       16.7500       16.7503      14.726733       0.00624
  17     95.00        2.0236        0.0004       16.7396       16.7400      14.716353       0.00635
  16     111.0        2.0237        0.0004       16.7268       16.7272      14.703549       0.00675
  15     130.0        2.0237        0.0005       16.7116       16.7121      14.688336       0.00676
  14     153.0        2.0238        0.0006       16.6933       16.6939      14.670094       0.00669
  13     179.0        2.0240        0.0007       16.6712       16.6719      14.647948       0.00719
  12     209.0        2.0243        0.0008       16.6432       16.6441      14.619796       0.00792
  11     243.0        2.0248        0.0010       16.6025       16.6035      14.578633       0.01022
  10     281.0        2.0259        0.0011       16.5373       16.5384      14.512499       0.01469
   9     324.0        2.0276        0.0013       16.4429       16.4441      14.416494       0.01884
   8     372.0        2.0303        0.0014       16.3116       16.3130      14.282667       0.02353
   7     426.0        2.0341        0.0016       16.1178       16.1194      14.085397       0.03083
   6     487.0        2.0392        0.0018       15.8455       15.8473      13.808096       0.03836
   5     554.0        2.0466        0.0020       15.5047       15.5068      13.460111       0.04383
   4     628.0        2.0585        0.0022       15.0896       15.0918      13.033322       0.04867
   3     710.0        2.0793        0.0024       14.5517       14.5542      12.474880       0.05747
   2     802.0        2.1183        0.0026       13.7844       13.7870      11.668699       0.07395
   1     902.0        2.1961        0.0027       12.8214       12.8241      10.628028       0.08782
   0    1013.0        2.3681        0.0028       11.8377       11.8405       9.472436       0.08786



 Wavenumbers:  4650. -  5150. cm-1, ATM      1
 LEVEL PRESSURE   UPWARD FLUX   DIFDOWN FLUX  DIRDOWN FLUX  DOWNWARD FLUX   NET FLUX    HEATING RATE
          mb          W/m2          W/m2          W/m2        W/m2          W/m2       degree/day
  47   .000061        1.4730        0.0000       15.8958       15.8958      14.422858       0.00000
  46   .000117        1.4730        0.0000       15.8958       15.8958      14.422858       0.04731
  45   .000258        1.4730        0.0000       15.8958       15.8958      14.422857       0.08270
  44   .000625        1.4730        0.0000       15.8958       15.8958      14.422851       0.12510
  43   .001640        1.4730        0.0000       15.8958       15.8958      14.422833       0.15299
  42   .004480        1.4730        0.0000       15.8957       15.8957      14.422778       0.16341
  41    .01200        1.4730        0.0000       15.8956       15.8956      14.422630       0.16588
  40    .03000        1.4730        0.0000       15.8952       15.8952      14.422279       0.16465
  39    .06700        1.4730        0.0000       15.8945       15.8945      14.421546       0.16725
  38    0.1390        1.4730        0.0000       15.8931       15.8931      14.420144       0.16433
  37    0.2720        1.4730        0.0000       15.8906       15.8906      14.417608       0.16088
  36    0.5150        1.4729        0.0000       15.8861       15.8861      14.413200       0.15310
  35    0.9510        1.4729        0.0000       15.8787       15.8787      14.405800       0.14323
  34     1.290        1.4729        0.0000       15.8735       15.8735      14.400522       0.13139
  33     1.760        1.4729        0.0000       15.8668       15.8668      14.393842       0.11995
  32     2.410        1.4729        0.0000       15.8585       15.8585      14.385560       0.10752
  31     3.330        1.4729        0.0000       15.8485       15.8486      14.375631       0.09108
  30     4.640        1.4729        0.0000       15.8371       15.8372      14.364231       0.07344
  29     6.520        1.4729        0.0000       15.8247       15.8247      14.351786       0.05586
  28     9.300        1.4729        0.0001       15.8114       15.8114      14.338520       0.04027
  27     13.20        1.4729        0.0001       15.7965       15.7966      14.323698       0.03207
  26     19.07        1.4729        0.0001       15.7769       15.7770      14.304124       0.02814
  25     27.70        1.4729        0.0002       15.7456       15.7458      14.272870       0.03056
  24     32.20        1.4729        0.0002       15.7275       15.7277      14.254759       0.03396
  23     37.60        1.4729        0.0002       15.7047       15.7050      14.232064       0.03547
  22     43.70        1.4729        0.0003       15.6763       15.6766      14.203657       0.03930
  21     51.00        1.4729        0.0003       15.6410       15.6413      14.168352       0.04082
  20     59.50        1.4730        0.0004       15.5974       15.5977      14.124761       0.04328
  19     69.50        1.4730        0.0004       15.5440       15.5444      14.071415       0.04502
  18     81.20        1.4731        0.0005       15.4797       15.4802      14.007112       0.04638
  17     95.00        1.4732        0.0006       15.4036       15.4042      13.930937       0.04658
  16     111.0        1.4734        0.0006       15.3154       15.3160      13.842640       0.04657
  15     130.0        1.4736        0.0008       15.2155       15.2163      13.742648       0.04441
  14     153.0        1.4740        0.0009       15.1045       15.1053      13.631385       0.04082
  13     179.0        1.4744        0.0010       14.9837       14.9847      13.510298       0.03930
  12     209.0        1.4751        0.0012       14.8558       14.8570      13.381927       0.03611
  11     243.0        1.4761        0.0014       14.7197       14.7210      13.244980       0.03399
  10     281.0        1.4777        0.0015       14.5663       14.5678      13.090182       0.03438
   9     324.0        1.4802        0.0018       14.3843       14.3860      12.905826       0.03618
   8     372.0        1.4839        0.0020       14.1656       14.1675      12.683607       0.03907
   7     426.0        1.4894        0.0022       13.8941       13.8964      12.406967       0.04323
   6     487.0        1.4974        0.0025       13.5508       13.5532      12.055842       0.04858
   5     554.0        1.5092        0.0027       13.1182       13.1209      11.611720       0.05594
   4     628.0        1.5275        0.0030       12.5660       12.5690      11.041439       0.06504
   3     710.0        1.5575        0.0032       11.8773       11.8805      10.322958       0.07394
   2     802.0        1.6086        0.0033       11.0752       11.0786       9.469932       0.07825
   1     902.0        1.7011        0.0035       10.2086       10.2120       8.510944       0.08093
   0    1013.0        1.8718        0.0036        9.3557        9.3592       7.487378       0.07782



 Wavenumbers:  5150. -  6150. cm-1, ATM      1
 LEVEL PRESSURE   UPWARD FLUX   DIFDOWN FLUX  DIRDOWN FLUX  DOWNWARD FLUX   NET FLUX    HEATING RATE
          mb          W/m2          W/m2          W/m2        W/m2          W/m2       degree/day
  47   .000061        3.5749        0.0000       39.8483       39.8483      36.273443       0.00000
  46   .000117        3.5749        0.0000       39.8483       39.8483      36.273443       0.00284
  45   .000258        3.5749        0.0000       39.8483       39.8483      36.273443       0.00327
  44   .000625        3.5749        0.0000       39.8483       39.8483      36.273442       0.00412
  43   .001640        3.5749        0.0000       39.8483       39.8483      36.273442       0.00599
  42   .004480        3.5749        0.0000       39.8483       39.8483      36.273439       0.00921
  41    .01200        3.5749        0.0000       39.8483       39.8483      36.273426       0.01420
  40    .03000        3.5749        0.0000       39.8483       39.8483      36.273383       0.02032
  39    .06700        3.5749        0.0000       39.8481       39.8481      36.273264       0.02708
  38    0.1390        3.5749        0.0000       39.8478       39.8479      36.272986       0.03263
  37    0.2720        3.5749        0.0000       39.8472       39.8473      36.272391       0.03772
  36    0.5150        3.5749        0.0000       39.8461       39.8461      36.271210       0.04100
  35    0.9510        3.5749        0.0000       39.8438       39.8438      36.268992       0.04295
  34     1.290        3.5748        0.0000       39.8421       39.8421      36.267259       0.04314
  33     1.760        3.5748        0.0000       39.8397       39.8397      36.264893       0.04248
  32     2.410        3.5748        0.0001       39.8364       39.8365      36.261663       0.04193
  31     3.330        3.5748        0.0001       39.8320       39.8321      36.257291       0.04011
  30     4.640        3.5748        0.0001       39.8260       39.8261      36.251304       0.03856
  29     6.520        3.5748        0.0002       39.8175       39.8177      36.242961       0.03745
  28     9.300        3.5747        0.0003       39.8057       39.8060      36.231275       0.03547
  27     13.20        3.5747        0.0004       39.7895       39.7898      36.215174       0.03484
  26     19.07        3.5746        0.0005       39.7676       39.7681      36.193502       0.03116
  25     27.70        3.5745        0.0008       39.7386       39.7394      36.164911       0.02796
  24     32.20        3.5744        0.0009       39.7249       39.7258      36.151341       0.02545
  23     37.60        3.5744        0.0010       39.7099       39.7109      36.136530       0.02315
  22     43.70        3.5743        0.0012       39.6937       39.6948      36.120531       0.02213
  21     51.00        3.5743        0.0014       39.6762       39.6775      36.103292       0.01993
  20     59.50        3.5742        0.0016       39.6571       39.6587      36.084515       0.01864
  19     69.50        3.5741        0.0019       39.6362       39.6381      36.063951       0.01735
  18     81.20        3.5741        0.0022       39.6131       39.6153      36.041242       0.01638
  17     95.00        3.5740        0.0026       39.5871       39.5896      36.015621       0.01567
  16     111.0        3.5740        0.0030       39.5573       39.5603      35.986359       0.01543
  15     130.0        3.5739        0.0035       39.5233       39.5268      35.952914       0.01486
  14     153.0        3.5738        0.0041       39.4778       39.4819      35.908112       0.01644
  13     179.0        3.5737        0.0048       39.4063       39.4111      35.837372       0.02296
  12     209.0        3.5737        0.0056       39.2422       39.2477      35.674045       0.04594
  11     243.0        3.5737        0.0064       38.8026       38.8090      35.235241       0.10892
  10     281.0        3.5739        0.0072       37.7672       37.7744      34.200462       0.22981
   9     324.0        3.5744        0.0080       36.3644       36.3724      32.797980       0.27525
   8     372.0        3.5753        0.0088       34.8481       34.8569      31.281571       0.26661
   7     426.0        3.5769        0.0095       32.9629       32.9724      29.395565       0.29475
   6     487.0        3.5794        0.0101       30.8216       30.8318      27.252354       0.29651
   5     554.0        3.5839        0.0108       28.5999       28.6107      25.026856       0.28032
   4     628.0        3.5924        0.0114       26.3382       26.3496      22.757185       0.25884
   3     710.0        3.6101        0.0120       24.3012       24.3133      20.703190       0.21139
   2     802.0        3.6484        0.0128       22.6771       22.6899      19.041481       0.15243
   1     902.0        3.7369        0.0136       21.2885       21.3021      17.565213       0.12458
   0    1013.0        3.9743        0.0143       19.8573       19.8716      15.897271       0.12681



 Wavenumbers:  6150. -  7700. cm-1, ATM      1
 LEVEL PRESSURE   UPWARD FLUX   DIFDOWN FLUX  DIRDOWN FLUX  DOWNWARD FLUX   NET FLUX    HEATING RATE
          mb          W/m2          W/m2          W/m2        W/m2          W/m2       degree/day
  47   .000061        5.3938        0.0000       73.7105       73.7105      68.316693       0.00000
  46   .000117        5.3938        0.0000       73.7105       73.7105      68.316693       0.00609
  45   .000258        5.3938        0.0000       73.7105       73.7105      68.316693       0.00890
  44   .000625        5.3938        0.0000       73.7105       73.7105      68.316692       0.01264
  43   .001640        5.3938        0.0000       73.7105       73.7105      68.316690       0.01643
  42   .004480        5.3938        0.0000       73.7105       73.7105      68.316683       0.02041
  41    .01200        5.3938        0.0000       73.7105       73.7105      68.316661       0.02568
  40    .03000        5.3938        0.0000       73.7104       73.7104      68.316592       0.03201
  39    .06700        5.3938        0.0000       73.7102       73.7102      68.316420       0.03940
  38    0.1390        5.3938        0.0000       73.7098       73.7098      68.316033       0.04530
  37    0.2720        5.3938        0.0000       73.7090       73.7090      68.315232       0.05086
  36    0.5150        5.3938        0.0001       73.7074       73.7074      68.313665       0.05440
  35    0.9510        5.3937        0.0001       73.7044       73.7045      68.310739       0.05663
  34     1.290        5.3937        0.0001       73.7020       73.7021      68.308456       0.05683
  33     1.760        5.3936        0.0002       73.6988       73.6990      68.305337       0.05601
  32     2.410        5.3936        0.0003       73.6944       73.6946      68.301064       0.05547
  31     3.330        5.3935        0.0004       73.6884       73.6887      68.295237       0.05345
  30     4.640        5.3934        0.0005       73.6800       73.6806      68.287201       0.05177
  29     6.520        5.3932        0.0007       73.6684       73.6691      68.275930       0.05059
  28     9.300        5.3929        0.0010       73.6519       73.6529      68.260003       0.04835
  27     13.20        5.3925        0.0015       73.6288       73.6303      68.237739       0.04818
  26     19.07        5.3920        0.0022       73.5969       73.5991      68.207087       0.04407
  25     27.70        5.3912        0.0031       73.5534       73.5565      68.165377       0.04079
  24     32.20        5.3907        0.0036       73.5322       73.5358      68.145078       0.03807
  23     37.60        5.3902        0.0042       73.5085       73.5128      68.122545       0.03521
  22     43.70        5.3896        0.0049       73.4824       73.4874      68.097741       0.03432
  21     51.00        5.3889        0.0057       73.4537       73.4594      68.070495       0.03150
  20     59.50        5.3881        0.0067       73.4217       73.4284      68.040300       0.02998
  19     69.50        5.3872        0.0078       73.3861       73.3939      68.006713       0.02834
  18     81.20        5.3861        0.0091       73.3459       73.3551      67.969009       0.02720
  17     95.00        5.3848        0.0107       73.3001       73.3108      67.926042       0.02628
  16     111.0        5.3832        0.0125       73.2472       73.2597      67.876481       0.02614
  15     130.0        5.3814        0.0146       73.1860       73.2006      67.819149       0.02546
  14     153.0        5.3793        0.0170       73.1057       73.1227      67.743400       0.02779
  13     179.0        5.3769        0.0199       72.9835       73.0034      67.626558       0.03792
  12     209.0        5.3741        0.0232       72.7136       72.7367      67.362627       0.07425
  11     243.0        5.3711        0.0267       72.0486       72.0753      66.704179       0.16343
  10     281.0        5.3682        0.0302       70.6276       70.6578      65.289630       0.31415
   9     324.0        5.3655        0.0336       68.3057       68.3392      62.973731       0.45452
   8     372.0        5.3635        0.0370       65.6262       65.6632      60.299688       0.47014
   7     426.0        5.3629        0.0403       62.4758       62.5160      57.153137       0.49174
   6     487.0        5.3650        0.0431       58.6591       58.7022      53.337202       0.52792
   5     554.0        5.3721        0.0455       54.4475       54.4931      49.121000       0.53106
   4     628.0        5.3908        0.0474       49.7599       49.8073      44.416487       0.53651
   3     710.0        5.4351        0.0487       44.8376       44.8862      39.451176       0.51101
   2     802.0        5.5356        0.0495       40.0350       40.0844      34.548861       0.44969
   1     902.0        5.7657        0.0500       35.6080       35.6580      29.892331       0.39297
   0    1013.0        6.3602        0.0507       31.7504       31.8010      25.440815       0.33844



 Wavenumbers:  7700. -  8050. cm-1, ATM      1
 LEVEL PRESSURE   UPWARD FLUX   DIFDOWN FLUX  DIRDOWN FLUX  DOWNWARD FLUX   NET FLUX    HEATING RATE
          mb          W/m2          W/m2          W/m2        W/m2          W/m2       degree/day
  47   .000061        2.8644        0.0000       17.4216       17.4216      14.557152       0.00000
  46   .000117        2.8644        0.0000       17.4216       17.4216      14.557152       0.01026
  45   .000258        2.8644        0.0000       17.4216       17.4216      14.557152       0.01143
  44   .000625        2.8644        0.0000       17.4216       17.4216      14.557151       0.01284
  43   .001640        2.8644        0.0000       17.4216       17.4216      14.557150       0.01374
  42   .004480        2.8644        0.0000       17.4216       17.4216      14.557145       0.01435
  41    .01200        2.8644        0.0000       17.4216       17.4216      14.557131       0.01487
  40    .03000        2.8644        0.0000       17.4215       17.4215      14.557100       0.01488
  39    .06700        2.8644        0.0000       17.4215       17.4215      14.557033       0.01518
  38    0.1390        2.8644        0.0000       17.4213       17.4213      14.556904       0.01512
  37    0.2720        2.8645        0.0000       17.4211       17.4211      14.556665       0.01516
  36    0.5150        2.8645        0.0000       17.4207       17.4207      14.556231       0.01507
  35    0.9510        2.8646        0.0000       17.4200       17.4200      14.555448       0.01516
  34     1.290        2.8646        0.0001       17.4194       17.4195      14.554841       0.01510
  33     1.760        2.8647        0.0001       17.4186       17.4187      14.554007       0.01498
  32     2.410        2.8648        0.0001       17.4175       17.4176      14.552841       0.01513
  31     3.330        2.8649        0.0002       17.4160       17.4161      14.551200       0.01505
  30     4.640        2.8651        0.0002       17.4138       17.4140      14.548868       0.01502
  29     6.520        2.8654        0.0003       17.4106       17.4109      14.545526       0.01500
  28     9.300        2.8658        0.0004       17.4060       17.4065      14.540676       0.01472
  27     13.20        2.8664        0.0006       17.3994       17.4000      14.533620       0.01527
  26     19.07        2.8672        0.0009       17.3896       17.3905      14.523303       0.01483
  25     27.70        2.8685        0.0013       17.3753       17.3766      14.508126       0.01484
  24     32.20        2.8692        0.0015       17.3679       17.3694      14.500224       0.01482
  23     37.60        2.8700        0.0018       17.3592       17.3610      14.490990       0.01443
  22     43.70        2.8709        0.0021       17.3490       17.3511      14.480206       0.01492
  21     51.00        2.8720        0.0024       17.3372       17.3396      14.467616       0.01455
  20     59.50        2.8732        0.0028       17.3233       17.3261      14.452896       0.01461
  19     69.50        2.8748        0.0033       17.3072       17.3104      14.435686       0.01452
  18     81.20        2.8765        0.0038       17.2883       17.2921      14.415565       0.01451
  17     95.00        2.8786        0.0045       17.2662       17.2707      14.392050       0.01438
  16     111.0        2.8811        0.0052       17.2406       17.2458      14.364660       0.01445
  15     130.0        2.8841        0.0061       17.2108       17.2169      14.332851       0.01413
  14     153.0        2.8876        0.0071       17.1762       17.1834      14.295811       0.01359
  13     179.0        2.8917        0.0083       17.1361       17.1445      14.252767       0.01397
  12     209.0        2.8966        0.0097       17.0906       17.1003      14.203737       0.01379
  11     243.0        2.9022        0.0113       17.0397       17.0510      14.148824       0.01363
  10     281.0        2.9086        0.0130       16.9831       16.9961      14.087463       0.01363
   9     324.0        2.9161        0.0149       16.9201       16.9351      14.018938       0.01345
   8     372.0        2.9249        0.0171       16.8502       16.8673      13.942459       0.01345
   7     426.0        2.9351        0.0195       16.7725       16.7919      13.856822       0.01338
   6     487.0        2.9473        0.0221       16.6854       16.7075      13.760243       0.01336
   5     554.0        2.9619        0.0250       16.5874       16.6124      13.650443       0.01383
   4     628.0        2.9801        0.0282       16.4744       16.5025      13.522402       0.01460
   3     710.0        3.0037        0.0316       16.3394       16.3709      13.367291       0.01596
   2     802.0        3.0356        0.0352       16.1721       16.2073      13.171677       0.01794
   1     902.0        3.0810        0.0391       15.9595       15.9986      12.917633       0.02144
   0    1013.0        3.1468        0.0431       15.6908       15.7340      12.587167       0.02512



 Wavenumbers:  8050. - 12850. cm-1, ATM      1
 LEVEL PRESSURE   UPWARD FLUX   DIFDOWN FLUX  DIRDOWN FLUX  DOWNWARD FLUX   NET FLUX    HEATING RATE
          mb          W/m2          W/m2          W/m2        W/m2          W/m2       degree/day
  47   .000061       35.3841        0.0000      243.9586      243.9586     208.574463       0.00000
  46   .000117       35.3841        0.0000      243.9586      243.9586     208.574463       0.00000
  45   .000258       35.3841        0.0000      243.9586      243.9586     208.574463       0.00000
  44   .000625       35.3841        0.0000      243.9586      243.9586     208.574463       0.00000
  43   .001640       35.3841        0.0000      243.9586      243.9586     208.574463       0.00000
  42   .004480       35.3841        0.0000      243.9586      243.9586     208.574463       0.00000
  41    .01200       35.3841        0.0000      243.9586      243.9586     208.574463       0.00000
  40    .03000       35.3841        0.0001      243.9585      243.9586     208.574463       0.00000
  39    .06700       35.3840        0.0002      243.9583      243.9585     208.574463       0.00000
  38    0.1390       35.3839        0.0003      243.9581      243.9584     208.574463       0.00000
  37    0.2720       35.3837        0.0006      243.9575      243.9582     208.574463       0.00000
  36    0.5150       35.3833        0.0012      243.9566      243.9578     208.574463       0.00000
  35    0.9510       35.3826        0.0022      243.9548      243.9570     208.574463       0.00000
  34     1.290       35.3820        0.0030      243.9535      243.9565     208.574463       0.00000
  33     1.760       35.3812        0.0040      243.9517      243.9557     208.574463       0.00000
  32     2.410       35.3802        0.0055      243.9491      243.9546     208.574463       0.00000
  31     3.330       35.3787        0.0077      243.9455      243.9531     208.574463       0.00000
  30     4.640       35.3765        0.0106      243.9403      243.9510     208.574463       0.00000
  29     6.520       35.3734        0.0150      243.9329      243.9479     208.574463       0.00000
  28     9.300       35.3690        0.0212      243.9222      243.9434     208.574463       0.00000
  27     13.20       35.3624        0.0303      243.9066      243.9369     208.574463       0.00000
  26     19.07       35.3529        0.0436      243.8837      243.9273     208.574463       0.00000
  25     27.70       35.3388        0.0633      243.8499      243.9132     208.574463       0.00000
  24     32.20       35.3314        0.0736      243.8322      243.9058     208.574463       0.00000
  23     37.60       35.3227        0.0856      243.8116      243.8972     208.574463       0.00000
  22     43.70       35.3126        0.0997      243.7874      243.8871     208.574463       0.00000
  21     51.00       35.3008        0.1162      243.7590      243.8753     208.574463       0.00000
  20     59.50       35.2869        0.1356      243.7258      243.8614     208.574463       0.00000
  19     69.50       35.2706        0.1583      243.6868      243.8451     208.574463       0.00000
  18     81.20       35.2515        0.1850      243.6410      243.8259     208.574463       0.00000
  17     95.00       35.2290        0.2163      243.5871      243.8034     208.574463       0.00000
  16     111.0       35.2026        0.2530      243.5187      243.7717     208.569056       0.00285
  15     130.0       35.1719        0.2959      243.4385      243.7344     208.562556       0.00289
  14     153.0       35.1357        0.3462      243.3426      243.6888     208.553099       0.00347
  13     179.0       35.0934        0.4052      243.2243      243.6295     208.536140       0.00550
  12     209.0       35.0447        0.4730      243.0579      243.5309     208.486214       0.01404
  11     243.0       34.9901        0.5495      242.7431      243.2926     208.302527       0.04559
  10     281.0       34.9298        0.6348      242.0837      242.7185     207.788764       0.11410
   9     324.0       34.8647        0.7296      241.0242      241.7538     206.889098       0.17657
   8     372.0       34.7959        0.8345      239.6463      240.4808     205.684861       0.21172
   7     426.0       34.7265        0.9493      237.7662      238.7154     203.988885       0.26505
   6     487.0       34.6621        1.0735      235.1242      236.1977     201.535635       0.33940
   5     554.0       34.6127        1.2065      231.5363      232.7427     198.130002       0.42896
   4     628.0       34.6068        1.3445      226.4198      227.7643     193.157576       0.56707
   3     710.0       34.7034        1.4836      219.3170      220.8006     186.097173       0.72663
   2     802.0       35.0278        1.6194      210.1932      211.8126     176.784769       0.85423
   1     902.0       35.8509        1.7473      199.2929      201.0402     165.189304       0.97856
   0    1013.0       37.8574        1.8693      187.4178      189.2871     151.429673       1.04612



 Wavenumbers: 12850. - 16000. cm-1, ATM      1
 LEVEL PRESSURE   UPWARD FLUX   DIFDOWN FLUX  DIRDOWN FLUX  DOWNWARD FLUX   NET FLUX    HEATING RATE
          mb          W/m2          W/m2          W/m2        W/m2          W/m2       degree/day
  47   .000061       28.5280        0.0000      152.8652      152.8652     124.337145       0.00000
  46   .000117       28.5280        0.0000      152.8651      152.8651     124.337143       0.39577
  45   .000258       28.5280        0.0000      152.8651      152.8651     124.337135       0.45405
  44   .000625       28.5280        0.0000      152.8651      152.8651     124.337112       0.52499
  43   .001640       28.5280        0.0000      152.8650      152.8650     124.337044       0.56943
  42   .004480       28.5280        0.0000      152.8648      152.8648     124.336847       0.58532
  41    .01200       28.5280        0.0001      152.8642      152.8643     124.336328       0.58205
  40    .03000       28.5279        0.0001      152.8629      152.8630     124.335113       0.56962
  39    .06700       28.5278        0.0003      152.8600      152.8604     124.332574       0.57913
  38    0.1390       28.5276        0.0007      152.8546      152.8553     124.327626       0.57996
  37    0.2720       28.5274        0.0014      152.8445      152.8458     124.318460       0.58160
  36    0.5150       28.5271        0.0026      152.8267      152.8293     124.302194       0.56490
  35    0.9510       28.5271        0.0048      152.7964      152.8011     124.274063       0.54449
  34     1.290       28.5274        0.0064      152.7738      152.7802     124.252781       0.52981
  33     1.760       28.5285        0.0088      152.7432      152.7520     124.223484       0.52605
  32     2.410       28.5311        0.0120      152.7002      152.7122     124.181052       0.55091
  31     3.330       28.5368        0.0166      152.6367      152.6533     124.116515       0.59200
  30     4.640       28.5474        0.0231      152.5420      152.5651     124.017666       0.63679
  29     6.520       28.5645        0.0324      152.4053      152.4376     123.873089       0.64899
  28     9.300       28.5881        0.0458      152.2174      152.2632     123.675056       0.60116
  27     13.20       28.6173        0.0654      151.9704      152.0358     123.418545       0.55506
  26     19.07       28.6515        0.0940      151.6482      151.7422     123.090627       0.47144
  25     27.70       28.6889        0.1360      151.2341      151.3701     122.681235       0.40034
  24     32.20       28.7024        0.1579      151.0453      151.2031     122.500754       0.33847
  23     37.60       28.7130        0.1835      150.8474      151.0309     122.317823       0.28589
  22     43.70       28.7208        0.2134      150.6374      150.8508     122.130013       0.25983
  21     51.00       28.7247        0.2485      150.4153      150.6637     121.939001       0.22082
  20     59.50       28.7240        0.2895      150.1803      150.4698     121.745766       0.19185
  19     69.50       28.7167        0.3376      149.9357      150.2733     121.556579       0.15966
  18     81.20       28.6996        0.3941      149.6888      150.0829     121.383288       0.12499
  17     95.00       28.6718        0.4604      149.4371      149.8975     121.225665       0.09639
  16     111.0       28.6391        0.5383      149.1649      149.7032     121.064046       0.08525
  15     130.0       28.5976        0.6293      148.8655      149.4948     120.897196       0.07411
  14     153.0       28.5457        0.7358      148.5309      149.2667     120.720927       0.06468
  13     179.0       28.4802        0.8602      148.1585      149.0188     120.538578       0.05919
  12     209.0       28.3994        1.0030      147.7484      148.7514     120.352063       0.05247
  11     243.0       28.3048        1.1638      147.2904      148.4542     120.149368       0.05031
  10     281.0       28.1960        1.3440      146.7727      148.1166     119.920599       0.05081
   9     324.0       28.0730        1.5451      146.1815      147.7266     119.653582       0.05240
   8     372.0       27.9359        1.7687      145.5057      147.2743     119.338403       0.05541
   7     426.0       27.7852        2.0162      144.7301      146.7463     118.961062       0.05897
   6     487.0       27.6223        2.2892      143.8319      146.1211     118.498742       0.06396
   5     554.0       27.4503        2.5887      142.7799      145.3686     117.918355       0.07310
   4     628.0       27.2801        2.9147      141.4949      144.4096     117.129483       0.08996
   3     710.0       27.1292        3.2647      139.8841      143.1488     116.019612       0.11422
   2     802.0       27.0321        3.6342      137.8254      141.4596     114.427462       0.14605
   1     902.0       27.0532        4.0176      135.1990      139.2166     112.163466       0.19106
   0    1013.0       27.2887        4.4127      132.0308      136.4435     109.154783       0.22875



 Wavenumbers: 16000. - 22650. cm-1, ATM      1
 LEVEL PRESSURE   UPWARD FLUX   DIFDOWN FLUX  DIRDOWN FLUX  DOWNWARD FLUX   NET FLUX    HEATING RATE
          mb          W/m2          W/m2          W/m2        W/m2          W/m2       degree/day
  47   .000061       58.7670        0.0000      243.6959      243.6959     184.928856       0.00000
  46   .000117       58.7670        0.0000      243.6959      243.6959     184.928855       0.02119
  45   .000258       58.7670        0.0000      243.6959      243.6959     184.928855       0.05263
  44   .000625       58.7670        0.0000      243.6958      243.6959     184.928850       0.09605
  43   .001640       58.7670        0.0000      243.6958      243.6958     184.928836       0.12349
  42   .004480       58.7670        0.0001      243.6956      243.6957     184.928799       0.10766
  41    .01200       58.7668        0.0004      243.6952      243.6956     184.928751       0.05411
  40    .03000       58.7665        0.0009      243.6943      243.6952     184.928683       0.03170
  39    .06700       58.7659        0.0020      243.6924      243.6944     184.928469       0.04898
  38    0.1390       58.7649        0.0042      243.6883      243.6925     184.927622       0.09920
  37    0.2720       58.7632        0.0082      243.6799      243.6881     184.924857       0.17550
  36    0.5150       58.7607        0.0155      243.6627      243.6781     184.917422       0.25821
  35    0.9510       58.7578        0.0287      243.6266      243.6553     184.897540       0.38484
  34     1.290       58.7568        0.0389      243.5945      243.6333     184.876528       0.52307
  33     1.760       58.7573        0.0529      243.5442      243.5971     184.839820       0.65911
  32     2.410       58.7616        0.0725      243.4623      243.5348     184.773195       0.86502
  31     3.330       58.7741        0.1000      243.3259      243.4259     184.651787       1.11367
  30     4.640       58.8005        0.1391      243.1046      243.2437     184.443242       1.34347
  29     6.520       58.8441        0.1951      242.7691      242.9643     184.120121       1.45046
  28     9.300       58.9036        0.2763      242.2967      242.5729     183.669270       1.36863
  27     13.20       58.9732        0.3941      241.6671      242.0613     183.088111       1.25756
  26     19.07       59.0477        0.5662      240.8382      241.4044     182.356752       1.05146
  25     27.70       59.1144        0.8190      239.7615      240.5805     181.466038       0.87102
  24     32.20       59.1296        0.9506      239.2644      240.2150     181.085359       0.71391
  23     37.60       59.1306        1.1043      238.7369      239.8412     180.710624       0.58564
  22     43.70       59.1163        1.2839      238.1698      239.4538     180.337459       0.51626
  21     51.00       59.0828        1.4937      237.5599      239.0536     179.970807       0.42387
  20     59.50       59.0261        1.7391      236.9010      238.6402     179.614071       0.35418
  19     69.50       58.9383        2.0263      236.1952      238.2216     179.283222       0.27921
  18     81.20       58.8078        2.3627      235.4534      237.8161     179.008312       0.19829
  17     95.00       58.6293        2.7565      234.6610      237.4175     178.788156       0.13463
  16     111.0       58.4076        3.2157      233.7756      236.9913     178.583696       0.10784
  15     130.0       58.1391        3.7493      232.7717      236.5210     178.381886       0.08964
  14     153.0       57.8155        4.3712      231.6237      235.9949     178.179359       0.07431
  13     179.0       57.4229        5.0945      230.3237      235.4182     177.995309       0.05974
  12     209.0       56.9560        5.9191      228.8818      234.8008     177.844857       0.04232
  11     243.0       56.4181        6.8416      227.2898      234.1314     177.713282       0.03266
  10     281.0       55.8035        7.8679      225.5343      233.4022     177.598788       0.02543
   9     324.0       55.1063        9.0042      223.5978      232.6020     177.495647       0.02024
   8     372.0       54.3210       10.2561      221.4609      231.7170     177.395987       0.01752
   7     426.0       53.4399       11.6284      219.1093      230.7376     177.297721       0.01536
   6     487.0       52.4539       13.1268      216.5244      229.6512     177.197287       0.01389
   5     554.0       51.3537       14.7556      213.6878      228.4434     177.089715       0.01355
   4     628.0       50.1322       16.5155      210.5776      227.0932     176.960970       0.01468
   3     710.0       48.7829       18.4050      207.1690      225.5739     176.791064       0.01749
   2     802.0       47.3004       20.4213      203.4243      223.8457     176.545219       0.02255
   1     902.0       45.6805       22.5613      199.2918      221.8531     176.172574       0.03145
   0    1013.0       43.9140       24.8200      194.7498      219.5698     175.655850       0.03929



 Wavenumbers: 22650. - 29000. cm-1, ATM      1
 LEVEL PRESSURE   UPWARD FLUX   DIFDOWN FLUX  DIRDOWN FLUX  DOWNWARD FLUX   NET FLUX    HEATING RATE
          mb          W/m2          W/m2          W/m2        W/m2          W/m2       degree/day
  47   .000061       31.3333        0.0000       92.0256       92.0256      60.692352       0.00000
  46   .000117       31.3333        0.0000       92.0256       92.0256      60.692352       0.00000
  45   .000258       31.3333        0.0000       92.0256       92.0256      60.692352       0.00000
  44   .000625       31.3333        0.0000       92.0256       92.0256      60.692352       0.00000
  43   .001640       31.3333        0.0001       92.0256       92.0256      60.692352       0.00000
  42   .004480       31.3332        0.0002       92.0254       92.0256      60.692352       0.00000
  41    .01200       31.3331        0.0004       92.0250       92.0254      60.692352       0.00000
  40    .03000       31.3328        0.0010       92.0241       92.0252      60.692352       0.00000
  39    .06700       31.3322        0.0023       92.0223       92.0246      60.692352       0.00000
  38    0.1390       31.3311        0.0048       92.0187       92.0234      60.692352       0.00000
  37    0.2720       31.3290        0.0094       92.0120       92.0213      60.692352       0.00000
  36    0.5150       31.3252        0.0177       91.9998       92.0175      60.692352       0.00000
  35    0.9510       31.3183        0.0328       91.9778       92.0106      60.692352       0.00000
  34     1.290       31.3129        0.0445       91.9608       92.0053      60.692352       0.00000
  33     1.760       31.3055        0.0605       91.9374       91.9979      60.692352       0.00000
  32     2.410       31.2953        0.0829       91.9047       91.9876      60.692352       0.00000
  31     3.330       31.2808        0.1145       91.8587       91.9731      60.692352       0.00000
  30     4.640       31.2602        0.1593       91.7933       91.9525      60.692352       0.00000
  29     6.520       31.2307        0.2234       91.6996       91.9230      60.692352       0.00000
  28     9.300       31.1878        0.3164       91.5637       91.8801      60.692352       0.00000
  27     13.20       31.1252        0.4515       91.3661       91.8176      60.692352       0.00000
  26     19.07       31.0336        0.6486       91.0773       91.7259      60.692352       0.00000
  25     27.70       30.8983        0.9377       90.6529       91.5906      60.692352       0.00000
  24     32.20       30.8276        1.0878       90.4321       91.5199      60.692352       0.00000
  23     37.60       30.7447        1.2628       90.1743       91.4371      60.692352       0.00000
  22     43.70       30.6477        1.4667       89.8734       91.3401      60.692352       0.00000
  21     51.00       30.5341        1.7040       89.5225       91.2264      60.692352       0.00000
  20     59.50       30.4007        1.9804       89.1126       91.0930      60.692352       0.00000
  19     69.50       30.2440        2.3023       88.6340       90.9363      60.692352       0.00000
  18     81.20       30.0598        2.6768       88.0754       90.7522      60.692352       0.00000
  17     95.00       29.8433        3.1118       87.4239       90.5356      60.692352       0.00000
  16     111.0       29.5892        3.6147       86.6669       90.2816      60.692352       0.00000
  15     130.0       29.2918        4.1938       85.7904       89.9841      60.692352       0.00000
  14     153.0       28.9422        4.8610       84.7735       89.6345      60.692352       0.00000
  13     179.0       28.5315        5.6264       83.5974       89.2239      60.692352       0.00000
  12     209.0       28.0583        6.4848       82.2658       88.7506      60.692352       0.00000
  11     243.0       27.5220        7.4274       80.7869       88.2143      60.692352       0.00000
  10     281.0       26.9165        8.4541       79.1547       87.6088      60.692352       0.00000
   9     324.0       26.2349        9.5636       77.3637       86.9273      60.692352       0.00000
   8     372.0       25.4699       10.7526       75.4096       86.1622      60.692352       0.00000
   7     426.0       24.6134       12.0155       73.2902       85.3057      60.692352       0.00000
   6     487.0       23.6558       13.3456       71.0025       84.3481      60.692352       0.00000
   5     554.0       22.5868       14.7327       68.5465       83.2792      60.692352       0.00000
   4     628.0       21.3967       16.1621       65.9269       82.0890      60.692352       0.00000
   3     710.0       20.0748       17.6145       63.1527       80.7671      60.692352       0.00000
   2     802.0       18.6083       19.0713       60.2293       79.3007      60.692352       0.00000
   1     902.0       16.9804       20.5079       57.1649       77.6727      60.692352       0.00000
   0    1013.0       15.1731       21.8956       53.9698       75.8654      60.692352       0.00000



 Wavenumbers: 29000. - 38000. cm-1, ATM      1
 LEVEL PRESSURE   UPWARD FLUX   DIFDOWN FLUX  DIRDOWN FLUX  DOWNWARD FLUX   NET FLUX    HEATING RATE
          mb          W/m2          W/m2          W/m2        W/m2          W/m2       degree/day
  47   .000061        6.6085        0.0000       32.4786       32.4786      25.870167       0.00000
  46   .000117        6.6085        0.0000       32.4786       32.4786      25.870162       0.87321
  45   .000258        6.6085        0.0000       32.4786       32.4786      25.870126       2.15485
  44   .000625        6.6085        0.0000       32.4784       32.4784      25.869955       3.91310
  43   .001640        6.6084        0.0000       32.4778       32.4778      25.869352       5.01388
  42   .004480        6.6084        0.0001       32.4762       32.4763      25.867883       4.36600
  41    .01200        6.6083        0.0003       32.4738       32.4742      25.865926       2.19605
  40    .03000        6.6079        0.0008       32.4703       32.4711      25.863173       1.29077
  39    .06700        6.6072        0.0019       32.4597       32.4616      25.854386       2.00428
  38    0.1390        6.6060        0.0039       32.4218       32.4257      25.819681       4.06777
  37    0.2720        6.6040        0.0075       32.3037       32.3113      25.707279       7.13216
  36    0.5150        6.6010        0.0140       32.0035       32.0175      25.416506      10.09826
  35    0.9510        6.5971        0.0249       31.2902       31.3151      24.718016      13.51986
  34     1.290        6.5954        0.0327       30.6510       30.6837      24.088272      15.67700
  33     1.760        6.5948        0.0425       29.7483       29.7908      23.196009      16.02114
  32     2.410        6.5969        0.0550       28.5688       28.6238      22.026889      15.17904
  31     3.330        6.6050        0.0713       27.2021       27.2734      20.668437      12.46106
  30     4.640        6.6231        0.0930       25.7736       25.8666      19.243483       9.17969
  29     6.520        6.6543        0.1225       24.3693       24.4918      17.837460       6.31151
  28     9.300        6.6990        0.1638       23.0585       23.2223      16.523279       3.98941
  27     13.20        6.7565        0.2221       21.8541       22.0761      15.319649       2.60451
  26     19.07        6.8290        0.3041       20.7103       21.0144      14.185359       1.63074
  25     27.70        6.9184        0.4206       19.6060       20.0266      13.108256       1.05328
  24     32.20        6.9555        0.4803       19.1851       19.6654      12.709845       0.74717
  23     37.60        6.9892        0.5497       18.7832       19.3329      12.343723       0.57218
  22     43.70        7.0196        0.6301       18.3891       19.0192      11.999582       0.47611
  21     51.00        7.0452        0.7232       18.0002       18.7234      11.678131       0.37161
  20     59.50        7.0643        0.8312       17.6119       18.4432      11.378865       0.29712
  19     69.50        7.0719        0.9565       17.2263       18.1828      11.110890       0.22615
  18     81.20        7.0596        1.1033       16.8515       17.9548      10.895170       0.15560
  17     95.00        7.0248        1.2747       16.4769       17.7516      10.726813       0.10296
  16     111.0        6.9730        1.4724       16.0794       17.5518      10.578824       0.07806
  15     130.0        6.9052        1.6880       15.6455       17.3335      10.428333       0.06684
  14     153.0        6.8209        1.9387       15.1678       17.1065      10.285568       0.05238
  13     179.0        6.7122        2.2218       14.6492       16.8710      10.158757       0.04116
  12     209.0        6.5753        2.5324       14.0986       16.6310      10.055740       0.02898
  11     243.0        6.4133        2.8644       13.5154       16.3797       9.966423       0.02217
  10     281.0        6.2244        3.2155       12.8991       16.1145       9.890169       0.01693
   9     324.0        6.0071        3.5809       12.2496       15.8304       9.823387       0.01311
   8     372.0        5.7603        3.9546       11.5672       15.5217       9.761403       0.01090
   7     426.0        5.4816        4.3308       10.8550       15.1858       9.704244       0.00893
   6     487.0        5.1677        4.7014       10.1179       14.8193       9.651591       0.00728
   5     554.0        4.8153        5.0581        9.3603       14.4185       9.603164       0.00610
   4     628.0        4.4216        5.3903        8.5890       13.9793       9.557765       0.00518
   3     710.0        3.9831        5.6861        7.8122       13.4983       9.515180       0.00438
   2     802.0        3.4956        5.9334        7.0379       12.9712       9.475661       0.00363
   1     902.0        2.9536        6.1211        6.2715       12.3926       9.438985       0.00310
   0    1013.0        2.3512        6.2327        5.5235       11.7562       9.404941       0.00259



 Wavenumbers: 38000. - 50000. cm-1, ATM      1
 LEVEL PRESSURE   UPWARD FLUX   DIFDOWN FLUX  DIRDOWN FLUX  DOWNWARD FLUX   NET FLUX    HEATING RATE
          mb          W/m2          W/m2          W/m2        W/m2          W/m2       degree/day
  47   .000061        0.0088        0.0000        2.0246        2.0246       2.015787       0.00000
  46   .000117        0.0088        0.0000        2.0246        2.0246       2.015783       0.62354
  45   .000258        0.0088        0.0000        2.0245        2.0245       2.015761       1.28096
  44   .000625        0.0088        0.0000        2.0244        2.0244       2.015665       2.19870
  43   .001640        0.0088        0.0000        2.0241        2.0241       2.015331       2.77761
  42   .004480        0.0088        0.0000        2.0232        2.0233       2.014503       2.46060
  41    .01200        0.0087        0.0001        2.0219        2.0220       2.013280       1.37300
  40    .03000        0.0086        0.0002        2.0198        2.0199       2.011317       0.92037
  39    .06700        0.0084        0.0004        2.0137        2.0142       2.005738       1.27253
  38    0.1390        0.0081        0.0009        1.9935        1.9944       1.986321       2.27580
  37    0.2720        0.0075        0.0016        1.9334        1.9350       1.927537       3.73002
  36    0.5150        0.0065        0.0028        1.7873        1.7900       1.783490       5.00258
  35    0.9510        0.0052        0.0040        1.4702        1.4742       1.468987       6.08748
  34     1.290        0.0044        0.0044        1.2189        1.2233       1.218859       6.22673
  33     1.760        0.0036        0.0043        0.9168        0.9211       0.917461       5.41179
  32     2.410        0.0028        0.0039        0.6156        0.6195       0.616666       3.90531
  31     3.330        0.0022        0.0033        0.3870        0.3904       0.388195       2.09577
  30     4.640        0.0017        0.0029        0.2417        0.2445       0.242868       0.93621
  29     6.520        0.0012        0.0024        0.1492        0.1517       0.150434       0.41492
  28     9.300        0.0008        0.0020        0.0894        0.0914       0.090546       0.18180
  27     13.20        0.0005        0.0014        0.0491        0.0506       0.050038       0.08766
  26     19.07        0.0003        0.0009        0.0230        0.0239       0.023621       0.03798
  25     27.70        0.0001        0.0004        0.0087        0.0091       0.008990       0.01431
  24     32.20        0.0001        0.0003        0.0055        0.0058       0.005736       0.00610
  23     37.60        0.0001        0.0002        0.0034        0.0036       0.003541       0.00343
  22     43.70        0.0000        0.0001        0.0020        0.0021       0.002093       0.00200
  21     51.00        0.0000        0.0001        0.0011        0.0012       0.001176       0.00106
  20     59.50        0.0000        0.0001        0.0006        0.0006       0.000623       0.00055
  19     69.50        0.0000        0.0000        0.0003        0.0003       0.000309       0.00026
  18     81.20        0.0000        0.0000        0.0001        0.0001       0.000144       0.00012
  17     95.00        0.0000        0.0000        0.0001        0.0001       0.000062       0.00005
  16     111.0        0.0000        0.0000        0.0000        0.0000       0.000023       0.00002
  15     130.0        0.0000        0.0000        0.0000        0.0000       0.000008       0.00001
  14     153.0        0.0000        0.0000        0.0000        0.0000       0.000002       0.00000
  13     179.0        0.0000        0.0000        0.0000        0.0000       0.000000       0.00000
  12     209.0        0.0000        0.0000        0.0000        0.0000       0.000000       0.00000
  11     243.0        0.0000        0.0000        0.0000        0.0000       0.000000       0.00000
  10     281.0        0.0000        0.0000        0.0000        0.0000       0.000000       0.00000
   9     324.0        0.0000        0.0000        0.0000        0.0000       0.000000       0.00000
   8     372.0        0.0000        0.0000        0.0000        0.0000       0.000000       0.00000
   7     426.0        0.0000        0.0000        0.0000        0.0000       0.000000       0.00000
   6     487.0        0.0000        0.0000        0.0000        0.0000       0.000000       0.00000
   5     554.0        0.0000        0.0000        0.0000        0.0000       0.000000       0.00000
   4     628.0        0.0000        0.0000        0.0000        0.0000       0.000000       0.00000
   3     710.0        0.0000        0.0000        0.0000        0.0000       0.000000       0.00000
   2     802.0        0.0000        0.0000        0.0000        0.0000       0.000000       0.00000
   1     902.0        0.0000        0.0000        0.0000        0.0000       0.000000       0.00000
   0    1013.0        0.0000        0.0000        0.0000        0.0000       0.000000       0.00000



 Wavenumbers:   820. -  2600. cm-1, ATM      1
 LEVEL PRESSURE   UPWARD FLUX   DIFDOWN FLUX  DIRDOWN FLUX  DOWNWARD FLUX   NET FLUX    HEATING RATE
          mb          W/m2          W/m2          W/m2        W/m2          W/m2       degree/day
  47   .000061        0.3820        0.0000        9.3605        9.3605       8.978441       0.00000
  46   .000117        0.3820        0.0000        9.3604        9.3604       8.978367      11.11658
  45   .000258        0.3820        0.0000        9.3601        9.3601       8.978097      16.16444
  44   .000625        0.3820        0.0000        9.3596        9.3596       8.977557      12.41128
  43   .001640        0.3820        0.0000        9.3589        9.3589       8.976909       5.38886
  42   .004480        0.3820        0.0000        9.3577        9.3577       8.975667       3.69166
  41    .01200        0.3820        0.0000        9.3559        9.3559       8.973907       1.97534
  40    .03000        0.3820        0.0000        9.3547        9.3547       8.972691       0.56982
  39    .06700        0.3820        0.0000        9.3530        9.3530       8.971017       0.38180
  38    0.1390        0.3820        0.0000        9.3491        9.3491       8.967081       0.46138
  37    0.2720        0.3820        0.0000        9.3420        9.3420       8.959960       0.45182
  36    0.5150        0.3820        0.0000        9.3317        9.3317       8.949663       0.35762
  35    0.9510        0.3820        0.0000        9.3152        9.3152       8.933158       0.31947
  34     1.290        0.3820        0.0000        9.3025        9.3025       8.920458       0.31614
  33     1.760        0.3820        0.0000        9.2855        9.2855       8.903458       0.30526
  32     2.410        0.3820        0.0000        9.2627        9.2627       8.880622       0.29649
  31     3.330        0.3820        0.0000        9.2317        9.2317       8.849619       0.28439
  30     4.640        0.3820        0.0000        9.1898        9.1898       8.807815       0.26930
  29     6.520        0.3820        0.0000        9.1342        9.1342       8.752116       0.25003
  28     9.300        0.3820        0.0000        9.0598        9.0598       8.677761       0.22572
  27     13.20        0.3820        0.0000        8.9625        8.9625       8.580408       0.21066
  26     19.07        0.3821        0.0000        8.8487        8.8487       8.466642       0.16356
  25     27.70        0.3821        0.0000        8.7438        8.7438       8.361771       0.10255
  24     32.20        0.3821        0.0000        8.7097        8.7097       8.327645       0.06400
  23     37.60        0.3821        0.0000        8.6795        8.6795       8.297405       0.04726
  22     43.70        0.3821        0.0000        8.6509        8.6509       8.268834       0.03953
  21     51.00        0.3821        0.0000        8.6212        8.6212       8.239122       0.03435
  20     59.50        0.3821        0.0000        8.5879        8.5879       8.205768       0.03312
  19     69.50        0.3821        0.0000        8.5494        8.5494       8.167271       0.03249
  18     81.20        0.3821        0.0000        8.5052        8.5052       8.123070       0.03188
  17     95.00        0.3822        0.0000        8.4541        8.4541       8.071943       0.03127
  16     111.0        0.3822        0.0000        8.3945        8.3946       8.012375       0.03142
  15     130.0        0.3822        0.0000        8.3255        8.3255       7.943276       0.03069
  14     153.0        0.3822        0.0000        8.2408        8.2409       7.858613       0.03106
  13     179.0        0.3823        0.0000        8.1317        8.1317       7.749416       0.03544
  12     209.0        0.3824        0.0000        7.9587        7.9587       7.576316       0.04869
  11     243.0        0.3826        0.0000        7.6453        7.6454       7.262796       0.07782
  10     281.0        0.3829        0.0000        7.2099        7.2100       6.827084       0.09676
   9     324.0        0.3835        0.0000        6.7884        6.7884       6.404995       0.08284
   8     372.0        0.3843        0.0000        6.3302        6.3302       5.945892       0.08072
   7     426.0        0.3856        0.0000        5.7812        5.7812       5.395564       0.08601
   6     487.0        0.3874        0.0000        5.2753        5.2753       4.887901       0.07023
   5     554.0        0.3901        0.0000        4.9324        4.9324       4.542298       0.04353
   4     628.0        0.3950        0.0000        4.6534        4.6535       4.258454       0.03237
   3     710.0        0.4049        0.0000        4.3004        4.3004       3.895554       0.03735
   2     802.0        0.4256        0.0000        3.8655        3.8655       3.439900       0.04180
   1     902.0        0.4709        0.0000        3.3937        3.3937       2.922846       0.04363
   0    1013.0        0.5743        0.0000        2.8714        2.8714       2.297129       0.04757

  Modules and versions used in this calculation:

       rrtmg_sw.1col.f90:  $Revision: 30822 $            rrtmg_sw_init.f90:  $Revision: 30822 $
     rrtmgsw_cldprop.f90:  $Revision: 29812 $          rrtmgsw_cldprmc.f90:  NOT USED          
     rrtmg_sw_reftra.f90:  $Revision: 29812 $          rrtmg_sw_spcvrt.f90:  NOT USED          
     rrtmg_sw_spcvmc.f90:  NOT USED                    rrtmgsw_setcoef.f90:  NOT USED          
     rrtmg_sw_taumol.f90:  $Revision: 30822 $          rrtmg_sw_vrtqdr.f90:  NOT USED          
                rrtatm.f:  NOT USED                             util_xxx.f:  NOT USED          
                 extra.f:  NOT USED                       rrtmg_sw_k_g.f90:  $Revision: 30822 $

