

 Wavenumbers:   820. - 50000. cm-1, ATM      1
 LEVEL PRESSURE   UPWARD FLUX   DIFDOWN FLUX  DIRDOWN FLUX  DOWNWARD FLUX   NET FLUX    HEATING RATE
          mb          W/m2          W/m2          W/m2        W/m2          W/m2       degree/day
  47   .000061      176.8790        0.0000      962.8701      962.8701     785.991120       0.00000
  46   .000117      176.8790        0.0000      962.8700      962.8700     785.991024      14.39687
  45   .000258      176.8790        0.0000      962.8696      962.8696     785.990649      22.46124
  44   .000625      176.8789        0.0001      962.8685      962.8686     785.989663      22.66366
  43   .001640      176.8789        0.0002      962.8662      962.8664     785.987490      18.07178
  42   .004480      176.8787        0.0005      962.8606      962.8610     785.982319      15.36378
  41    .01200      176.8783        0.0013      962.8507      962.8520     785.973727       9.64301
  40    .03000      176.8772        0.0032      962.8356      962.8387     785.961539       5.71394
  39    .06700      176.8749        0.0071      962.8040      962.8111     785.936185       5.78287
  38    0.1390      176.8708        0.0147      962.7186      962.7334     785.862511       8.63541
  37    0.2720      176.8640        0.0288      962.4924      962.5211     785.657132      13.03172
  36    0.5150      176.8531        0.0538      961.9659      962.0198     785.166703      17.03211
  35    0.9510      176.8373        0.0976      960.7964      960.8940     784.056662      21.48578
  34     1.290      176.8283        0.1301      959.7974      959.9275     783.099130      23.83704
  33     1.760      176.8203        0.1734      958.4413      958.6146     781.794346      23.42820
  32     2.410      176.8172        0.2323      956.7428      956.9751     780.157905      21.24640
  31     3.330      176.8269        0.3140      954.8238      955.1378     778.310867      16.94285
  30     4.640      176.8588        0.4289      952.7661      953.1950     776.336116      12.72154
  29     6.520      176.9178        0.5921      950.5668      951.1589     774.241074       9.40445
  28     9.300      176.9980        0.8274      948.2132      949.0406     772.042612       6.67379
  27     13.20      177.0849        1.1675      945.6363      946.8038     769.718912       5.02822
  26     19.07      177.1650        1.6614      942.6782      944.3395     767.174529       3.65799
  25     27.70      177.2092        2.3827      939.1958      941.5785     764.369278       2.74321
  24     32.20      177.1971        2.7570      937.6546      940.4116     763.214518       2.16560
  23     37.60      177.1512        3.1938      936.0359      939.2297     762.078507       1.77536
  22     43.70      177.0682        3.7029      934.3061      938.0090     760.940799       1.57398
  21     51.00      176.9392        4.2961      932.4482      936.7443     759.805105       1.31292
  20     59.50      176.7540        4.9880      930.4355      935.4236     758.669612       1.12736
  19     69.50      176.4941        5.7952      928.2585      934.0538     757.559728       0.93665
  18     81.20      176.1314        6.7383      925.9222      932.6605     756.529072       0.74341
  17     95.00      175.6523        7.8389      923.3733      931.2122     755.559964       0.59264
  16     111.0      175.0668        9.1166      920.4913      929.6079     754.541072       0.53741
  15     130.0      174.3621       10.5826      917.2223      927.8048     753.442757       0.48783
  14     153.0      173.5184       12.2836      913.4653      925.7489     752.230471       0.44481
  13     179.0      172.5008       14.2442      909.1219      923.3660     750.865182       0.44315
  12     209.0      171.2974       16.4540      903.8590      920.3131     749.015682       0.52027
  11     243.0      169.9165       18.8946      896.9301      915.8248     745.908245       0.77130
  10     281.0      168.3454       21.5708      887.3419      908.9127     740.567344       1.18612
   9     324.0      166.5723       24.4846      875.4380      899.9226     733.350264       1.41642
   8     372.0      164.5854       27.6346      862.1514      889.7860     725.200660       1.43283
   7     426.0      162.3723       31.0151      846.7958      877.8109     715.438593       1.52562
   6     487.0      159.9221       34.6182      829.1534      863.7716     703.849437       1.60332
   5     554.0      157.2319       38.4299      809.5014      847.9313     690.699343       1.65635
   4     628.0      154.3389       42.4216      786.8819      829.3034     674.964484       1.79444
   3     710.0      151.3353       46.5541      761.0786      807.6327     656.297443       1.92114
   2     802.0      148.4346       50.7854      732.4711      783.2565     634.821876       1.96995
   1     902.0      146.1227       55.0665      701.4304      756.4969     610.374205       2.06317
   0    1013.0      145.6682       59.3473      668.9936      728.3408     582.672676       2.10610



 Wavenumbers:  2600. -  3250. cm-1, ATM      1
 LEVEL PRESSURE   UPWARD FLUX   DIFDOWN FLUX  DIRDOWN FLUX  DOWNWARD FLUX   NET FLUX    HEATING RATE
          mb          W/m2          W/m2          W/m2        W/m2          W/m2       degree/day
  47   .000061        0.5334        0.0000        8.4849        8.4849       7.951508       0.00000
  46   .000117        0.5334        0.0000        8.4849        8.4849       7.951508       0.00457
  45   .000258        0.5334        0.0000        8.4849        8.4849       7.951508       0.00494
  44   .000625        0.5334        0.0000        8.4849        8.4849       7.951508       0.00533
  43   .001640        0.5334        0.0000        8.4849        8.4849       7.951507       0.00568
  42   .004480        0.5334        0.0000        8.4849        8.4849       7.951505       0.00605
  41    .01200        0.5334        0.0000        8.4849        8.4849       7.951500       0.00615
  40    .03000        0.5334        0.0000        8.4849        8.4849       7.951487       0.00604
  39    .06700        0.5334        0.0000        8.4849        8.4849       7.951460       0.00615
  38    0.1390        0.5334        0.0000        8.4848        8.4848       7.951408       0.00611
  37    0.2720        0.5334        0.0000        8.4847        8.4847       7.951312       0.00610
  36    0.5150        0.5334        0.0000        8.4846        8.4846       7.951133       0.00621
  35    0.9510        0.5334        0.0000        8.4842        8.4842       7.950765       0.00713
  34     1.290        0.5334        0.0000        8.4839        8.4839       7.950418       0.00864
  33     1.760        0.5334        0.0000        8.4833        8.4833       7.949842       0.01033
  32     2.410        0.5334        0.0000        8.4823        8.4823       7.948899       0.01225
  31     3.330        0.5334        0.0000        8.4808        8.4808       7.947385       0.01388
  30     4.640        0.5334        0.0000        8.4784        8.4784       7.945014       0.01528
  29     6.520        0.5334        0.0000        8.4748        8.4748       7.941400       0.01622
  28     9.300        0.5334        0.0000        8.4695        8.4695       7.936082       0.01614
  27     13.20        0.5334        0.0000        8.4621        8.4621       7.928637       0.01611
  26     19.07        0.5334        0.0000        8.4524        8.4524       7.918940       0.01394
  25     27.70        0.5334        0.0000        8.4405        8.4405       7.907084       0.01159
  24     32.20        0.5334        0.0000        8.4349        8.4349       7.901459       0.01055
  23     37.60        0.5334        0.0000        8.4283        8.4283       7.894849       0.01033
  22     43.70        0.5334        0.0000        8.4203        8.4204       7.886921       0.01097
  21     51.00        0.5334        0.0000        8.4106        8.4106       7.877144       0.01130
  20     59.50        0.5334        0.0000        8.3983        8.3983       7.864832       0.01222
  19     69.50        0.5335        0.0000        8.3827        8.3827       7.849241       0.01316
  18     81.20        0.5335        0.0000        8.3630        8.3631       7.829607       0.01416
  17     95.00        0.5335        0.0000        8.3387        8.3387       7.805239       0.01490
  16     111.0        0.5335        0.0000        8.3082        8.3083       7.774752       0.01608
  15     130.0        0.5335        0.0001        8.2719        8.2720       7.738435       0.01613
  14     153.0        0.5336        0.0001        8.2293        8.2293       7.695759       0.01566
  13     179.0        0.5336        0.0001        8.1802        8.1803       7.646654       0.01594
  12     209.0        0.5338        0.0001        8.1237        8.1237       7.589973       0.01594
  11     243.0        0.5340        0.0001        8.0515        8.0516       7.517627       0.01796
  10     281.0        0.5345        0.0001        7.9541        7.9542       7.419771       0.02173
   9     324.0        0.5353        0.0001        7.8318        7.8319       7.296637       0.02417
   8     372.0        0.5365        0.0001        7.6853        7.6854       7.148924       0.02597
   7     426.0        0.5384        0.0001        7.4938        7.4939       6.955481       0.03023
   6     487.0        0.5415        0.0002        7.2274        7.2276       6.686120       0.03727
   5     554.0        0.5462        0.0002        6.8718        6.8720       6.325842       0.04538
   4     628.0        0.5543        0.0002        6.4002        6.4004       5.846066       0.05471
   3     710.0        0.5686        0.0002        5.8532        5.8533       5.284784       0.05777
   2     802.0        0.5951        0.0002        5.2421        5.2423       4.647178       0.05849
   1     902.0        0.6482        0.0002        4.5571        4.5573       3.909097       0.06229
   0    1013.0        0.7699        0.0002        3.8495        3.8496       3.079702       0.06306



 Wavenumbers:  3250. -  4000. cm-1, ATM      1
 LEVEL PRESSURE   UPWARD FLUX   DIFDOWN FLUX  DIRDOWN FLUX  DOWNWARD FLUX   NET FLUX    HEATING RATE
          mb          W/m2          W/m2          W/m2        W/m2          W/m2       degree/day
  47   .000061        0.0007        0.0000       14.3033       14.3033      14.302589       0.00000
  46   .000117        0.0007        0.0000       14.3032       14.3032      14.302580       1.29589
  45   .000258        0.0007        0.0000       14.3032       14.3032      14.302543       2.24487
  44   .000625        0.0007        0.0000       14.3031       14.3031      14.302396       3.36352
  43   .001640        0.0007        0.0000       14.3026       14.3026      14.301914       4.00920
  42   .004480        0.0007        0.0000       14.3012       14.3012      14.300587       3.94390
  41    .01200        0.0007        0.0000       14.2984       14.2984      14.297702       3.23794
  40    .03000        0.0007        0.0000       14.2939       14.2939      14.293233       2.09500
  39    .06700        0.0007        0.0000       14.2884       14.2884      14.287782       1.24320
  38    0.1390        0.0007        0.0000       14.2808       14.2808      14.280169       0.89243
  37    0.2720        0.0007        0.0000       14.2698       14.2698      14.269164       0.69826
  36    0.5150        0.0007        0.0000       14.2556       14.2556      14.254972       0.49289
  35    0.9510        0.0007        0.0000       14.2359       14.2359      14.235271       0.38133
  34     1.290        0.0007        0.0000       14.2227       14.2227      14.222041       0.32935
  33     1.760        0.0007        0.0000       14.2070       14.2070      14.206328       0.28213
  32     2.410        0.0007        0.0000       14.1887       14.1887      14.188073       0.23701
  31     3.330        0.0007        0.0000       14.1673       14.1673      14.166673       0.19630
  30     4.640        0.0007        0.0000       14.1412       14.1412      14.140527       0.16844
  29     6.520        0.0007        0.0000       14.1067       14.1067      14.106033       0.15484
  28     9.300        0.0006        0.0000       14.0569       14.0569      14.056240       0.15115
  27     13.20        0.0006        0.0000       13.9811       13.9811      13.980460       0.16398
  26     19.07        0.0006        0.0000       13.8645       13.8645      13.863901       0.16757
  25     27.70        0.0006        0.0000       13.6883       13.6884      13.687765       0.17224
  24     32.20        0.0006        0.0000       13.5983       13.5983      13.597709       0.16889
  23     37.60        0.0006        0.0001       13.4973       13.4973      13.496717       0.15783
  22     43.70        0.0006        0.0001       13.3863       13.3864      13.385793       0.15346
  21     51.00        0.0006        0.0001       13.2672       13.2673      13.266719       0.13766
  20     59.50        0.0006        0.0001       13.1403       13.1404      13.139842       0.12597
  19     69.50        0.0006        0.0001       13.0048       13.0049      13.004280       0.11440
  18     81.20        0.0006        0.0001       12.8555       12.8556      12.855088       0.10761
  17     95.00        0.0005        0.0001       12.6868       12.6869      12.686393       0.10316
  16     111.0        0.0005        0.0001       12.4848       12.4849      12.484421       0.10653
  15     130.0        0.0005        0.0002       12.2554       12.2555      12.255018       0.10189
  14     153.0        0.0005        0.0002       11.9885       11.9887      11.988226       0.09789
  13     179.0        0.0004        0.0002       11.6655       11.6657      11.665304       0.10482
  12     209.0        0.0004        0.0002       11.1685       11.1687      11.168332       0.13980
  11     243.0        0.0004        0.0003       10.3844       10.3847      10.384325       0.19460
  10     281.0        0.0003        0.0003        9.2420        9.2422       9.241881       0.25372
   9     324.0        0.0003        0.0003        7.9739        7.9742       7.973849       0.24886
   8     372.0        0.0003        0.0002        6.7351        6.7353       6.735029       0.21780
   7     426.0        0.0003        0.0002        5.5375        5.5378       5.537491       0.18715
   6     487.0        0.0002        0.0002        4.4781        4.4783       4.478068       0.14657
   5     554.0        0.0002        0.0002        3.5195        3.5196       3.519393       0.12075
   4     628.0        0.0003        0.0001        2.5829        2.5831       2.582822       0.10681
   3     710.0        0.0003        0.0001        1.6743        1.6744       1.674032       0.09353
   2     802.0        0.0006        0.0001        0.9011        0.9011       0.900511       0.07095
   1     902.0        0.0020        0.0000        0.3653        0.3653       0.363351       0.04533
   0    1013.0        0.0163        0.0000        0.0816        0.0816       0.065250       0.02266



 Wavenumbers:  4000. -  4650. cm-1, ATM      1
 LEVEL PRESSURE   UPWARD FLUX   DIFDOWN FLUX  DIRDOWN FLUX  DOWNWARD FLUX   NET FLUX    HEATING RATE
          mb          W/m2          W/m2          W/m2        W/m2          W/m2       degree/day
  47   .000061        2.0238        0.0000       16.7953       16.7953      14.771550       0.00000
  46   .000117        2.0238        0.0000       16.7953       16.7953      14.771550       0.00058
  45   .000258        2.0238        0.0000       16.7953       16.7953      14.771550       0.00062
  44   .000625        2.0238        0.0000       16.7953       16.7953      14.771550       0.00067
  43   .001640        2.0238        0.0000       16.7953       16.7953      14.771550       0.00071
  42   .004480        2.0238        0.0000       16.7953       16.7953      14.771549       0.00075
  41    .01200        2.0238        0.0000       16.7953       16.7953      14.771549       0.00077
  40    .03000        2.0238        0.0000       16.7953       16.7953      14.771547       0.00075
  39    .06700        2.0238        0.0000       16.7953       16.7953      14.771544       0.00077
  38    0.1390        2.0238        0.0000       16.7953       16.7953      14.771537       0.00076
  37    0.2720        2.0238        0.0000       16.7953       16.7953      14.771525       0.00076
  36    0.5150        2.0238        0.0000       16.7953       16.7953      14.771503       0.00078
  35    0.9510        2.0238        0.0000       16.7952       16.7952      14.771457       0.00089
  34     1.290        2.0238        0.0000       16.7952       16.7952      14.771413       0.00109
  33     1.760        2.0238        0.0000       16.7951       16.7951      14.771340       0.00131
  32     2.410        2.0238        0.0000       16.7950       16.7950      14.771218       0.00158
  31     3.330        2.0238        0.0000       16.7948       16.7948      14.771017       0.00184
  30     4.640        2.0238        0.0000       16.7944       16.7944      14.770689       0.00211
  29     6.520        2.0238        0.0000       16.7939       16.7939      14.770157       0.00239
  28     9.300        2.0237        0.0000       16.7930       16.7930      14.769292       0.00263
  27     13.20        2.0237        0.0001       16.7916       16.7916      14.767875       0.00307
  26     19.07        2.0237        0.0001       16.7892       16.7893      14.765551       0.00334
  25     27.70        2.0237        0.0001       16.7853       16.7854      14.761734       0.00373
  24     32.20        2.0237        0.0001       16.7831       16.7832      14.759522       0.00415
  23     37.60        2.0237        0.0001       16.7802       16.7803      14.756656       0.00448
  22     43.70        2.0237        0.0002       16.7765       16.7767      14.752981       0.00508
  21     51.00        2.0237        0.0002       16.7718       16.7720      14.748323       0.00539
  20     59.50        2.0237        0.0002       16.7659       16.7662      14.742507       0.00577
  19     69.50        2.0237        0.0003       16.7587       16.7590      14.735365       0.00603
  18     81.20        2.0237        0.0003       16.7501       16.7504      14.726712       0.00624
  17     95.00        2.0237        0.0004       16.7396       16.7400      14.716333       0.00635
  16     111.0        2.0237        0.0004       16.7268       16.7272      14.703529       0.00675
  15     130.0        2.0238        0.0005       16.7116       16.7121      14.688317       0.00676
  14     153.0        2.0239        0.0006       16.6934       16.6940      14.670077       0.00669
  13     179.0        2.0240        0.0007       16.6713       16.6720      14.647931       0.00719
  12     209.0        2.0243        0.0008       16.6433       16.6441      14.619781       0.00792
  11     243.0        2.0249        0.0010       16.6025       16.6035      14.578620       0.01022
  10     281.0        2.0259        0.0011       16.5373       16.5384      14.512490       0.01469
   9     324.0        2.0277        0.0013       16.4429       16.4442      14.416490       0.01884
   8     372.0        2.0304        0.0014       16.3116       16.3131      14.282670       0.02353
   7     426.0        2.0341        0.0016       16.1179       16.1195      14.085410       0.03083
   6     487.0        2.0393        0.0018       15.8456       15.8474      13.808122       0.03836
   5     554.0        2.0467        0.0020       15.5048       15.5068      13.460154       0.04383
   4     628.0        2.0586        0.0022       15.0897       15.0920      13.033382       0.04867
   3     710.0        2.0793        0.0024       14.5519       14.5543      12.474960       0.05747
   2     802.0        2.1184        0.0026       13.7846       13.7872      11.668806       0.07395
   1     902.0        2.1961        0.0027       12.8216       12.8243      10.628166       0.08782
   0    1013.0        2.3682        0.0028       11.8379       11.8408       9.472604       0.08786



 Wavenumbers:  4650. -  5150. cm-1, ATM      1
 LEVEL PRESSURE   UPWARD FLUX   DIFDOWN FLUX  DIRDOWN FLUX  DOWNWARD FLUX   NET FLUX    HEATING RATE
          mb          W/m2          W/m2          W/m2        W/m2          W/m2       degree/day
  47   .000061        1.4729        0.0000       15.8958       15.8958      14.422848       0.00000
  46   .000117        1.4729        0.0000       15.8958       15.8958      14.422848       0.04731
  45   .000258        1.4729        0.0000       15.8958       15.8958      14.422847       0.08270
  44   .000625        1.4729        0.0000       15.8958       15.8958      14.422841       0.12510
  43   .001640        1.4729        0.0000       15.8958       15.8958      14.422823       0.15299
  42   .004480        1.4729        0.0000       15.8957       15.8957      14.422768       0.16341
  41    .01200        1.4729        0.0000       15.8956       15.8956      14.422620       0.16588
  40    .03000        1.4729        0.0000       15.8952       15.8952      14.422269       0.16465
  39    .06700        1.4729        0.0000       15.8945       15.8945      14.421536       0.16724
  38    0.1390        1.4729        0.0000       15.8931       15.8931      14.420134       0.16433
  37    0.2720        1.4729        0.0000       15.8905       15.8905      14.417598       0.16088
  36    0.5150        1.4729        0.0000       15.8861       15.8861      14.413190       0.15310
  35    0.9510        1.4729        0.0000       15.8787       15.8787      14.405790       0.14323
  34     1.290        1.4729        0.0000       15.8734       15.8735      14.400512       0.13139
  33     1.760        1.4729        0.0000       15.8668       15.8668      14.393832       0.11995
  32     2.410        1.4729        0.0000       15.8585       15.8585      14.385551       0.10752
  31     3.330        1.4729        0.0000       15.8485       15.8486      14.375622       0.09108
  30     4.640        1.4729        0.0000       15.8371       15.8371      14.364221       0.07344
  29     6.520        1.4729        0.0000       15.8247       15.8247      14.351777       0.05586
  28     9.300        1.4729        0.0001       15.8114       15.8114      14.338511       0.04027
  27     13.20        1.4729        0.0001       15.7965       15.7966      14.323689       0.03207
  26     19.07        1.4729        0.0001       15.7769       15.7770      14.304115       0.02814
  25     27.70        1.4729        0.0002       15.7456       15.7457      14.272861       0.03056
  24     32.20        1.4729        0.0002       15.7274       15.7276      14.254750       0.03396
  23     37.60        1.4729        0.0002       15.7047       15.7049      14.232055       0.03547
  22     43.70        1.4729        0.0003       15.6763       15.6766      14.203648       0.03930
  21     51.00        1.4729        0.0003       15.6410       15.6413      14.168342       0.04082
  20     59.50        1.4730        0.0004       15.5974       15.5977      14.124752       0.04328
  19     69.50        1.4730        0.0004       15.5440       15.5444      14.071406       0.04502
  18     81.20        1.4731        0.0005       15.4797       15.4802      14.007103       0.04638
  17     95.00        1.4732        0.0006       15.4036       15.4041      13.930928       0.04658
  16     111.0        1.4734        0.0006       15.3154       15.3160      13.842630       0.04657
  15     130.0        1.4736        0.0008       15.2155       15.2163      13.742638       0.04441
  14     153.0        1.4740        0.0009       15.1045       15.1053      13.631375       0.04082
  13     179.0        1.4744        0.0010       14.9837       14.9847      13.510289       0.03930
  12     209.0        1.4751        0.0012       14.8558       14.8570      13.381917       0.03611
  11     243.0        1.4761        0.0014       14.7197       14.7210      13.244971       0.03399
  10     281.0        1.4777        0.0015       14.5663       14.5678      13.090172       0.03438
   9     324.0        1.4802        0.0018       14.3843       14.3860      12.905816       0.03618
   8     372.0        1.4839        0.0020       14.1655       14.1675      12.683596       0.03907
   7     426.0        1.4894        0.0022       13.8941       13.8963      12.406955       0.04323
   6     487.0        1.4974        0.0025       13.5507       13.5532      12.055830       0.04858
   5     554.0        1.5092        0.0027       13.1182       13.1209      11.611707       0.05594
   4     628.0        1.5275        0.0030       12.5660       12.5690      11.041425       0.06504
   3     710.0        1.5575        0.0032       11.8773       11.8804      10.322942       0.07394
   2     802.0        1.6086        0.0033       11.0752       11.0785       9.469915       0.07825
   1     902.0        1.7011        0.0035       10.2085       10.2120       8.510924       0.08093
   0    1013.0        1.8718        0.0036        9.3556        9.3592       7.487356       0.07782



 Wavenumbers:  5150. -  6150. cm-1, ATM      1
 LEVEL PRESSURE   UPWARD FLUX   DIFDOWN FLUX  DIRDOWN FLUX  DOWNWARD FLUX   NET FLUX    HEATING RATE
          mb          W/m2          W/m2          W/m2        W/m2          W/m2       degree/day
  47   .000061        3.5750        0.0000       39.8484       39.8484      36.273446       0.00000
  46   .000117        3.5750        0.0000       39.8484       39.8484      36.273446       0.00284
  45   .000258        3.5750        0.0000       39.8484       39.8484      36.273446       0.00327
  44   .000625        3.5750        0.0000       39.8484       39.8484      36.273445       0.00412
  43   .001640        3.5750        0.0000       39.8484       39.8484      36.273445       0.00599
  42   .004480        3.5750        0.0000       39.8484       39.8484      36.273442       0.00921
  41    .01200        3.5750        0.0000       39.8484       39.8484      36.273429       0.01420
  40    .03000        3.5750        0.0000       39.8483       39.8483      36.273386       0.02032
  39    .06700        3.5750        0.0000       39.8482       39.8482      36.273267       0.02708
  38    0.1390        3.5750        0.0000       39.8479       39.8479      36.272989       0.03262
  37    0.2720        3.5750        0.0000       39.8473       39.8473      36.272394       0.03772
  36    0.5150        3.5749        0.0000       39.8461       39.8462      36.271214       0.04100
  35    0.9510        3.5749        0.0000       39.8439       39.8439      36.268995       0.04295
  34     1.290        3.5749        0.0000       39.8422       39.8422      36.267262       0.04314
  33     1.760        3.5749        0.0000       39.8398       39.8398      36.264896       0.04248
  32     2.410        3.5749        0.0001       39.8365       39.8366      36.261667       0.04193
  31     3.330        3.5749        0.0001       39.8321       39.8322      36.257294       0.04011
  30     4.640        3.5749        0.0001       39.8261       39.8262      36.251308       0.03856
  29     6.520        3.5748        0.0002       39.8176       39.8178      36.242965       0.03745
  28     9.300        3.5748        0.0003       39.8058       39.8061      36.231279       0.03547
  27     13.20        3.5747        0.0004       39.7896       39.7899      36.215179       0.03484
  26     19.07        3.5747        0.0005       39.7677       39.7682      36.193508       0.03116
  25     27.70        3.5746        0.0008       39.7387       39.7395      36.164917       0.02796
  24     32.20        3.5745        0.0009       39.7250       39.7259      36.151348       0.02545
  23     37.60        3.5745        0.0010       39.7100       39.7110      36.136538       0.02315
  22     43.70        3.5744        0.0012       39.6938       39.6949      36.120539       0.02213
  21     51.00        3.5743        0.0014       39.6763       39.6776      36.103300       0.01993
  20     59.50        3.5743        0.0016       39.6572       39.6588      36.084524       0.01864
  19     69.50        3.5742        0.0019       39.6363       39.6382      36.063961       0.01735
  18     81.20        3.5742        0.0022       39.6132       39.6154      36.041252       0.01638
  17     95.00        3.5741        0.0026       39.5872       39.5897      36.015632       0.01567
  16     111.0        3.5740        0.0030       39.5574       39.5604      35.986371       0.01543
  15     130.0        3.5740        0.0035       39.5234       39.5269      35.952927       0.01485
  14     153.0        3.5739        0.0041       39.4779       39.4820      35.908126       0.01644
  13     179.0        3.5738        0.0048       39.4064       39.4112      35.837388       0.02296
  12     209.0        3.5738        0.0056       39.2423       39.2479      35.674066       0.04594
  11     243.0        3.5738        0.0064       38.8027       38.8091      35.235277       0.10891
  10     281.0        3.5740        0.0072       37.7674       37.7745      34.200532       0.22980
   9     324.0        3.5745        0.0080       36.3646       36.3726      32.798093       0.27524
   8     372.0        3.5754        0.0088       34.8484       34.8571      31.281731       0.26660
   7     426.0        3.5769        0.0095       32.9632       32.9727      29.395781       0.29474
   6     487.0        3.5795        0.0101       30.8220       30.8322      27.252630       0.29650
   5     554.0        3.5839        0.0108       28.6004       28.6111      25.027189       0.28031
   4     628.0        3.5925        0.0114       26.3387       26.3501      22.757569       0.25883
   3     710.0        3.6102        0.0120       24.3017       24.3138      20.703606       0.21139
   2     802.0        3.6485        0.0128       22.6776       22.6904      19.041903       0.15243
   1     902.0        3.7370        0.0136       21.2890       21.3026      17.565617       0.12459
   0    1013.0        3.9744        0.0143       19.8577       19.8721      15.897645       0.12681



 Wavenumbers:  6150. -  7700. cm-1, ATM      1
 LEVEL PRESSURE   UPWARD FLUX   DIFDOWN FLUX  DIRDOWN FLUX  DOWNWARD FLUX   NET FLUX    HEATING RATE
          mb          W/m2          W/m2          W/m2        W/m2          W/m2       degree/day
  47   .000061        5.3940        0.0000       73.7109       73.7109      68.316913       0.00000
  46   .000117        5.3940        0.0000       73.7109       73.7109      68.316913       0.00609
  45   .000258        5.3940        0.0000       73.7109       73.7109      68.316913       0.00890
  44   .000625        5.3940        0.0000       73.7109       73.7109      68.316912       0.01264
  43   .001640        5.3940        0.0000       73.7109       73.7109      68.316910       0.01643
  42   .004480        5.3940        0.0000       73.7109       73.7109      68.316903       0.02041
  41    .01200        5.3940        0.0000       73.7108       73.7108      68.316880       0.02568
  40    .03000        5.3940        0.0000       73.7108       73.7108      68.316812       0.03201
  39    .06700        5.3939        0.0000       73.7106       73.7106      68.316639       0.03940
  38    0.1390        5.3939        0.0000       73.7102       73.7102      68.316253       0.04530
  37    0.2720        5.3939        0.0000       73.7093       73.7094      68.315451       0.05086
  36    0.5150        5.3939        0.0001       73.7077       73.7078      68.313885       0.05440
  35    0.9510        5.3939        0.0001       73.7047       73.7048      68.310959       0.05663
  34     1.290        5.3938        0.0001       73.7024       73.7025      68.308676       0.05683
  33     1.760        5.3938        0.0002       73.6991       73.6993      68.305557       0.05601
  32     2.410        5.3937        0.0003       73.6947       73.6950      68.301285       0.05547
  31     3.330        5.3936        0.0004       73.6887       73.6891      68.295458       0.05345
  30     4.640        5.3935        0.0005       73.6804       73.6809      68.287421       0.05177
  29     6.520        5.3933        0.0007       73.6687       73.6695      68.276151       0.05059
  28     9.300        5.3931        0.0010       73.6522       73.6533      68.260224       0.04835
  27     13.20        5.3927        0.0015       73.6291       73.6306      68.237960       0.04818
  26     19.07        5.3921        0.0022       73.5973       73.5994      68.207309       0.04407
  25     27.70        5.3913        0.0031       73.5538       73.5569      68.165600       0.04079
  24     32.20        5.3909        0.0036       73.5325       73.5362      68.145301       0.03807
  23     37.60        5.3904        0.0042       73.5089       73.5131      68.122769       0.03521
  22     43.70        5.3898        0.0049       73.4828       73.4877      68.097965       0.03432
  21     51.00        5.3891        0.0057       73.4541       73.4598      68.070719       0.03150
  20     59.50        5.3883        0.0067       73.4221       73.4288      68.040524       0.02998
  19     69.50        5.3873        0.0078       73.3864       73.3943      68.006939       0.02834
  18     81.20        5.3862        0.0091       73.3463       73.3554      67.969235       0.02720
  17     95.00        5.3849        0.0107       73.3005       73.3112      67.926269       0.02627
  16     111.0        5.3834        0.0125       73.2476       73.2601      67.876709       0.02614
  15     130.0        5.3816        0.0146       73.1864       73.2009      67.819378       0.02546
  14     153.0        5.3795        0.0170       73.1061       73.1231      67.743629       0.02779
  13     179.0        5.3770        0.0199       72.9839       73.0038      67.626789       0.03792
  12     209.0        5.3743        0.0232       72.7139       72.7371      67.362863       0.07424
  11     243.0        5.3713        0.0267       72.0490       72.0757      66.704424       0.16343
  10     281.0        5.3683        0.0302       70.6280       70.6582      65.289894       0.31414
   9     324.0        5.3657        0.0336       68.3061       68.3397      62.974024       0.45451
   8     372.0        5.3636        0.0370       65.6266       65.6637      60.300013       0.47013
   7     426.0        5.3630        0.0403       62.4763       62.5165      57.153494       0.49174
   6     487.0        5.3651        0.0431       58.6596       58.7027      53.337598       0.52792
   5     554.0        5.3722        0.0455       54.4481       54.4937      49.121433       0.53106
   4     628.0        5.3909        0.0474       49.7605       49.8079      44.416954       0.53651
   3     710.0        5.4352        0.0487       44.8382       44.8869      39.451670       0.51101
   2     802.0        5.5357        0.0495       40.0356       40.0851      34.549373       0.44969
   1     902.0        5.7658        0.0500       35.6087       35.6587      29.892857       0.39297
   0    1013.0        6.3603        0.0507       31.7510       31.8017      25.441356       0.33844



 Wavenumbers:  7700. -  8050. cm-1, ATM      1
 LEVEL PRESSURE   UPWARD FLUX   DIFDOWN FLUX  DIRDOWN FLUX  DOWNWARD FLUX   NET FLUX    HEATING RATE
          mb          W/m2          W/m2          W/m2        W/m2          W/m2       degree/day
  47   .000061        2.8644        0.0000       17.4216       17.4216      14.557201       0.00000
  46   .000117        2.8644        0.0000       17.4216       17.4216      14.557201       0.01026
  45   .000258        2.8644        0.0000       17.4216       17.4216      14.557201       0.01143
  44   .000625        2.8644        0.0000       17.4216       17.4216      14.557200       0.01284
  43   .001640        2.8644        0.0000       17.4216       17.4216      14.557199       0.01374
  42   .004480        2.8644        0.0000       17.4216       17.4216      14.557194       0.01435
  41    .01200        2.8644        0.0000       17.4216       17.4216      14.557181       0.01487
  40    .03000        2.8644        0.0000       17.4216       17.4216      14.557149       0.01488
  39    .06700        2.8644        0.0000       17.4215       17.4215      14.557082       0.01518
  38    0.1390        2.8645        0.0000       17.4214       17.4214      14.556953       0.01512
  37    0.2720        2.8645        0.0000       17.4212       17.4212      14.556714       0.01517
  36    0.5150        2.8645        0.0000       17.4208       17.4208      14.556280       0.01507
  35    0.9510        2.8646        0.0000       17.4200       17.4201      14.555497       0.01516
  34     1.290        2.8646        0.0001       17.4195       17.4195      14.554890       0.01510
  33     1.760        2.8647        0.0001       17.4187       17.4187      14.554056       0.01498
  32     2.410        2.8648        0.0001       17.4176       17.4177      14.552890       0.01513
  31     3.330        2.8649        0.0002       17.4160       17.4162      14.551249       0.01505
  30     4.640        2.8651        0.0002       17.4138       17.4140      14.548917       0.01502
  29     6.520        2.8654        0.0003       17.4107       17.4110      14.545575       0.01500
  28     9.300        2.8658        0.0004       17.4061       17.4065      14.540725       0.01472
  27     13.20        2.8664        0.0006       17.3994       17.4000      14.533669       0.01527
  26     19.07        2.8672        0.0009       17.3897       17.3906      14.523352       0.01483
  25     27.70        2.8685        0.0013       17.3754       17.3767      14.508175       0.01484
  24     32.20        2.8692        0.0015       17.3679       17.3695      14.500273       0.01482
  23     37.60        2.8700        0.0018       17.3592       17.3610      14.491039       0.01443
  22     43.70        2.8709        0.0021       17.3491       17.3511      14.480255       0.01492
  21     51.00        2.8720        0.0024       17.3372       17.3396      14.467664       0.01456
  20     59.50        2.8733        0.0028       17.3234       17.3262      14.452945       0.01461
  19     69.50        2.8748        0.0033       17.3072       17.3105      14.435734       0.01452
  18     81.20        2.8765        0.0038       17.2883       17.2922      14.415613       0.01451
  17     95.00        2.8787        0.0045       17.2663       17.2707      14.392098       0.01438
  16     111.0        2.8811        0.0052       17.2406       17.2459      14.364708       0.01445
  15     130.0        2.8841        0.0061       17.2109       17.2170      14.332898       0.01413
  14     153.0        2.8876        0.0071       17.1763       17.1834      14.295858       0.01359
  13     179.0        2.8917        0.0083       17.1362       17.1445      14.252814       0.01397
  12     209.0        2.8966        0.0097       17.0906       17.1004      14.203784       0.01379
  11     243.0        2.9022        0.0113       17.0398       17.0510      14.148871       0.01363
  10     281.0        2.9086        0.0130       16.9831       16.9961      14.087509       0.01363
   9     324.0        2.9161        0.0149       16.9202       16.9351      14.018984       0.01345
   8     372.0        2.9249        0.0171       16.8503       16.8674      13.942504       0.01345
   7     426.0        2.9351        0.0195       16.7725       16.7920      13.856867       0.01338
   6     487.0        2.9473        0.0221       16.6855       16.7076      13.760287       0.01336
   5     554.0        2.9620        0.0250       16.5874       16.6124      13.650487       0.01383
   4     628.0        2.9801        0.0282       16.4744       16.5026      13.522445       0.01460
   3     710.0        3.0037        0.0316       16.3394       16.3710      13.367334       0.01596
   2     802.0        3.0357        0.0352       16.1721       16.2074      13.171718       0.01794
   1     902.0        3.0810        0.0391       15.9596       15.9987      12.917673       0.02144
   0    1013.0        3.1468        0.0431       15.6909       15.7340      12.587206       0.02512



 Wavenumbers:  8050. - 12850. cm-1, ATM      1
 LEVEL PRESSURE   UPWARD FLUX   DIFDOWN FLUX  DIRDOWN FLUX  DOWNWARD FLUX   NET FLUX    HEATING RATE
          mb          W/m2          W/m2          W/m2        W/m2          W/m2       degree/day
  47   .000061       35.3842        0.0000      243.9598      243.9598     208.575517       0.00000
  46   .000117       35.3842        0.0000      243.9598      243.9598     208.575517       0.00000
  45   .000258       35.3842        0.0000      243.9598      243.9598     208.575517       0.00000
  44   .000625       35.3842        0.0000      243.9598      243.9598     208.575517       0.00000
  43   .001640       35.3842        0.0000      243.9598      243.9598     208.575517       0.00000
  42   .004480       35.3842        0.0000      243.9597      243.9598     208.575517       0.00000
  41    .01200       35.3842        0.0000      243.9597      243.9597     208.575517       0.00000
  40    .03000       35.3842        0.0001      243.9596      243.9597     208.575517       0.00000
  39    .06700       35.3841        0.0002      243.9595      243.9597     208.575517       0.00000
  38    0.1390       35.3840        0.0003      243.9592      243.9595     208.575517       0.00000
  37    0.2720       35.3838        0.0006      243.9587      243.9593     208.575517       0.00000
  36    0.5150       35.3834        0.0012      243.9577      243.9589     208.575517       0.00000
  35    0.9510       35.3827        0.0022      243.9560      243.9582     208.575517       0.00000
  34     1.290       35.3821        0.0030      243.9547      243.9576     208.575517       0.00000
  33     1.760       35.3813        0.0040      243.9528      243.9569     208.575517       0.00000
  32     2.410       35.3803        0.0055      243.9503      243.9558     208.575517       0.00000
  31     3.330       35.3788        0.0077      243.9466      243.9543     208.575517       0.00000
  30     4.640       35.3766        0.0106      243.9415      243.9521     208.575517       0.00000
  29     6.520       35.3735        0.0150      243.9341      243.9490     208.575517       0.00000
  28     9.300       35.3691        0.0212      243.9234      243.9446     208.575517       0.00000
  27     13.20       35.3625        0.0303      243.9077      243.9380     208.575517       0.00000
  26     19.07       35.3530        0.0436      243.8848      243.9285     208.575517       0.00000
  25     27.70       35.3389        0.0633      243.8510      243.9144     208.575517       0.00000
  24     32.20       35.3315        0.0736      243.8334      243.9070     208.575517       0.00000
  23     37.60       35.3229        0.0856      243.8127      243.8984     208.575517       0.00000
  22     43.70       35.3127        0.0997      243.7885      243.8883     208.575517       0.00000
  21     51.00       35.3009        0.1162      243.7602      243.8764     208.575517       0.00000
  20     59.50       35.2870        0.1356      243.7270      243.8625     208.575517       0.00000
  19     69.50       35.2707        0.1583      243.6879      243.8462     208.575517       0.00000
  18     81.20       35.2516        0.1850      243.6421      243.8271     208.575517       0.00000
  17     95.00       35.2291        0.2163      243.5883      243.8046     208.575517       0.00000
  16     111.0       35.2027        0.2530      243.5199      243.7729     208.570111       0.00285
  15     130.0       35.1720        0.2959      243.4397      243.7356     208.563610       0.00289
  14     153.0       35.1358        0.3462      243.3437      243.6900     208.554152       0.00347
  13     179.0       35.0935        0.4052      243.2254      243.6307     208.537193       0.00550
  12     209.0       35.0448        0.4730      243.0590      243.5321     208.487266       0.01404
  11     243.0       34.9902        0.5495      242.7443      243.2937     208.303574       0.04559
  10     281.0       34.9299        0.6348      242.0849      242.7197     207.789799       0.11410
   9     324.0       34.8648        0.7296      241.0253      241.7549     206.890112       0.17657
   8     372.0       34.7960        0.8345      239.6474      240.4819     205.685855       0.21173
   7     426.0       34.7266        0.9493      237.7672      238.7165     203.989855       0.26505
   6     487.0       34.6622        1.0735      235.1253      236.1988     201.536575       0.33940
   5     554.0       34.6128        1.2065      231.5373      232.7437     198.130907       0.42897
   4     628.0       34.6069        1.3445      226.4208      227.7653     193.158434       0.56707
   3     710.0       34.7035        1.4836      219.3179      220.8015     186.097969       0.72664
   2     802.0       35.0279        1.6194      210.1940      211.8134     176.785481       0.85423
   1     902.0       35.8510        1.7473      199.2936      201.0410     165.189917       0.97857
   0    1013.0       37.8575        1.8693      187.4184      189.2877     151.430174       1.04613



 Wavenumbers: 12850. - 16000. cm-1, ATM      1
 LEVEL PRESSURE   UPWARD FLUX   DIFDOWN FLUX  DIRDOWN FLUX  DOWNWARD FLUX   NET FLUX    HEATING RATE
          mb          W/m2          W/m2          W/m2        W/m2          W/m2       degree/day
  47   .000061       28.5280        0.0000      152.8655      152.8655     124.337483       0.00000
  46   .000117       28.5280        0.0000      152.8655      152.8655     124.337480       0.39578
  45   .000258       28.5280        0.0000      152.8655      152.8655     124.337472       0.45405
  44   .000625       28.5280        0.0000      152.8655      152.8655     124.337450       0.52499
  43   .001640       28.5280        0.0000      152.8654      152.8654     124.337381       0.56944
  42   .004480       28.5280        0.0000      152.8652      152.8652     124.337184       0.58532
  41    .01200       28.5280        0.0001      152.8646      152.8647     124.336665       0.58205
  40    .03000       28.5279        0.0001      152.8632      152.8634     124.335451       0.56962
  39    .06700       28.5278        0.0003      152.8604      152.8607     124.332911       0.57913
  38    0.1390       28.5276        0.0007      152.8549      152.8556     124.327963       0.57997
  37    0.2720       28.5274        0.0014      152.8448      152.8462     124.318797       0.58161
  36    0.5150       28.5271        0.0026      152.8271      152.8296     124.302531       0.56491
  35    0.9510       28.5271        0.0048      152.7967      152.8015     124.274400       0.54450
  34     1.290       28.5274        0.0064      152.7741      152.7806     124.253117       0.52981
  33     1.760       28.5285        0.0088      152.7436      152.7523     124.223820       0.52606
  32     2.410       28.5311        0.0120      152.7005      152.7125     124.181387       0.55092
  31     3.330       28.5368        0.0166      152.6371      152.6536     124.116849       0.59200
  30     4.640       28.5475        0.0231      152.5424      152.5655     124.018000       0.63680
  29     6.520       28.5645        0.0324      152.4056      152.4380     123.873421       0.64900
  28     9.300       28.5882        0.0458      152.2177      152.2635     123.675385       0.60117
  27     13.20       28.6173        0.0654      151.9708      152.0361     123.418871       0.55507
  26     19.07       28.6515        0.0940      151.6485      151.7425     123.090949       0.47144
  25     27.70       28.6889        0.1360      151.2345      151.3705     122.681552       0.40034
  24     32.20       28.7024        0.1579      151.0456      151.2035     122.501069       0.33847
  23     37.60       28.7131        0.1835      150.8477      151.0312     122.318135       0.28589
  22     43.70       28.7208        0.2134      150.6377      150.8511     122.130324       0.25983
  21     51.00       28.7248        0.2485      150.4156      150.6641     121.939309       0.22082
  20     59.50       28.7240        0.2895      150.1806      150.4701     121.746072       0.19185
  19     69.50       28.7167        0.3376      149.9360      150.2736     121.556883       0.15966
  18     81.20       28.6996        0.3941      149.6891      150.0832     121.383590       0.12499
  17     95.00       28.6718        0.4604      149.4374      149.8978     121.225965       0.09639
  16     111.0       28.6392        0.5383      149.1652      149.7035     121.064345       0.08525
  15     130.0       28.5976        0.6293      148.8658      149.4951     120.897495       0.07411
  14     153.0       28.5458        0.7358      148.5312      149.2670     120.721225       0.06468
  13     179.0       28.4802        0.8602      148.1588      149.0191     120.538875       0.05919
  12     209.0       28.3994        1.0030      147.7487      148.7517     120.352358       0.05247
  11     243.0       28.3048        1.1638      147.2907      148.4545     120.149662       0.05031
  10     281.0       28.1961        1.3440      146.7730      148.1169     119.920891       0.05081
   9     324.0       28.0730        1.5451      146.1818      147.7269     119.653871       0.05241
   8     372.0       27.9359        1.7687      145.5060      147.2746     119.338690       0.05541
   7     426.0       27.7852        2.0162      144.7304      146.7466     118.961344       0.05897
   6     487.0       27.6223        2.2892      143.8322      146.1213     118.499019       0.06396
   5     554.0       27.4503        2.5887      142.7802      145.3689     117.918624       0.07311
   4     628.0       27.2801        2.9147      141.4952      144.4098     117.129741       0.08997
   3     710.0       27.1292        3.2647      139.8844      143.1491     116.019853       0.11423
   2     802.0       27.0321        3.6342      137.8256      141.4598     114.427677       0.14605
   1     902.0       27.0532        4.0176      135.1992      139.2168     112.163642       0.19107
   0    1013.0       27.2887        4.4127      132.0309      136.4436     109.154903       0.22875



 Wavenumbers: 16000. - 22650. cm-1, ATM      1
 LEVEL PRESSURE   UPWARD FLUX   DIFDOWN FLUX  DIRDOWN FLUX  DOWNWARD FLUX   NET FLUX    HEATING RATE
          mb          W/m2          W/m2          W/m2        W/m2          W/m2       degree/day
  47   .000061       58.7665        0.0000      243.6953      243.6953     184.928749       0.00000
  46   .000117       58.7665        0.0000      243.6953      243.6953     184.928748       0.02119
  45   .000258       58.7665        0.0000      243.6953      243.6953     184.928748       0.05263
  44   .000625       58.7665        0.0000      243.6952      243.6953     184.928743       0.09606
  43   .001640       58.7665        0.0000      243.6952      243.6952     184.928729       0.12349
  42   .004480       58.7665        0.0001      243.6950      243.6952     184.928692       0.10766
  41    .01200       58.7663        0.0004      243.6946      243.6950     184.928644       0.05411
  40    .03000       58.7660        0.0009      243.6937      243.6946     184.928576       0.03170
  39    .06700       58.7654        0.0020      243.6918      243.6938     184.928362       0.04899
  38    0.1390       58.7644        0.0042      243.6877      243.6919     184.927515       0.09920
  37    0.2720       58.7627        0.0082      243.6793      243.6875     184.924749       0.17550
  36    0.5150       58.7602        0.0155      243.6621      243.6775     184.917314       0.25822
  35    0.9510       58.7573        0.0287      243.6260      243.6547     184.897431       0.38485
  34     1.290       58.7563        0.0389      243.5939      243.6327     184.876419       0.52309
  33     1.760       58.7568        0.0529      243.5436      243.5965     184.839710       0.65914
  32     2.410       58.7611        0.0725      243.4617      243.5342     184.773082       0.86505
  31     3.330       58.7736        0.1000      243.3253      243.4253     184.651669       1.11371
  30     4.640       58.8000        0.1391      243.1040      243.2431     184.443116       1.34352
  29     6.520       58.8437        0.1951      242.7685      242.9636     184.119981       1.45052
  28     9.300       58.9032        0.2763      242.2960      242.5723     183.669113       1.36869
  27     13.20       58.9727        0.3941      241.6665      242.0606     183.087930       1.25761
  26     19.07       59.0472        0.5662      240.8375      241.4037     182.356542       1.05150
  25     27.70       59.1140        0.8190      239.7608      240.5798     181.465793       0.87105
  24     32.20       59.1292        0.9505      239.2637      240.2143     181.085098       0.71394
  23     37.60       59.1302        1.1043      238.7362      239.8405     180.710349       0.58566
  22     43.70       59.1159        1.2839      238.1691      239.4530     180.337169       0.51628
  21     51.00       59.0824        1.4937      237.5592      239.0529     179.970503       0.42388
  20     59.50       59.0257        1.7391      236.9003      238.6394     179.613752       0.35420
  19     69.50       58.9379        2.0263      236.1945      238.2208     179.282890       0.27922
  18     81.20       58.8073        2.3627      235.4527      237.8153     179.007969       0.19830
  17     95.00       58.6289        2.7565      234.6603      237.4167     178.787804       0.13464
  16     111.0       58.4072        3.2156      233.7749      236.9905     178.583338       0.10784
  15     130.0       58.1387        3.7493      232.7710      236.5202     178.381522       0.08964
  14     153.0       57.8151        4.3711      231.6230      235.9941     178.178989       0.07431
  13     179.0       57.4225        5.0944      230.3230      235.4174     177.994933       0.05974
  12     209.0       56.9556        5.9190      228.8811      234.8001     177.844477       0.04232
  11     243.0       56.4177        6.8414      227.2892      234.1306     177.712898       0.03266
  10     281.0       55.8031        7.8678      225.5338      233.4015     177.598400       0.02543
   9     324.0       55.1060        9.0040      223.5972      232.6013     177.495256       0.02024
   8     372.0       54.3207       10.2559      221.4604      231.7163     177.395593       0.01752
   7     426.0       53.4396       11.6281      219.1088      230.7369     177.297325       0.01536
   6     487.0       52.4536       13.1265      216.5240      229.6505     177.196889       0.01390
   5     554.0       51.3534       14.7553      213.6874      228.4427     177.089314       0.01355
   4     628.0       50.1319       16.5152      210.5773      227.0925     176.960567       0.01468
   3     710.0       48.7827       18.4046      207.1687      225.5733     176.790658       0.01749
   2     802.0       47.3003       20.4210      203.4241      223.8451     176.544809       0.02255
   1     902.0       45.6804       22.5609      199.2917      221.8525     176.172156       0.03145
   0    1013.0       43.9139       24.8196      194.7497      219.5693     175.655419       0.03929



 Wavenumbers: 22650. - 29000. cm-1, ATM      1
 LEVEL PRESSURE   UPWARD FLUX   DIFDOWN FLUX  DIRDOWN FLUX  DOWNWARD FLUX   NET FLUX    HEATING RATE
          mb          W/m2          W/m2          W/m2        W/m2          W/m2       degree/day
  47   .000061       31.3325        0.0000       92.0255       92.0255      60.693011       0.00000
  46   .000117       31.3325        0.0000       92.0255       92.0255      60.693011       0.00000
  45   .000258       31.3325        0.0000       92.0255       92.0255      60.693011       0.00000
  44   .000625       31.3325        0.0000       92.0255       92.0255      60.693011       0.00000
  43   .001640       31.3325        0.0001       92.0254       92.0255      60.693011       0.00000
  42   .004480       31.3324        0.0002       92.0253       92.0255      60.693011       0.00000
  41    .01200       31.3323        0.0004       92.0249       92.0253      60.693011       0.00000
  40    .03000       31.3320        0.0010       92.0240       92.0251      60.693011       0.00000
  39    .06700       31.3315        0.0023       92.0222       92.0245      60.693011       0.00000
  38    0.1390       31.3303        0.0048       92.0185       92.0233      60.693011       0.00000
  37    0.2720       31.3282        0.0094       92.0118       92.0212      60.693011       0.00000
  36    0.5150       31.3244        0.0177       91.9997       92.0174      60.693011       0.00000
  35    0.9510       31.3175        0.0328       91.9777       92.0105      60.693011       0.00000
  34     1.290       31.3121        0.0445       91.9607       92.0051      60.693011       0.00000
  33     1.760       31.3048        0.0605       91.9373       91.9978      60.693011       0.00000
  32     2.410       31.2945        0.0829       91.9046       91.9875      60.693011       0.00000
  31     3.330       31.2800        0.1145       91.8586       91.9730      60.693011       0.00000
  30     4.640       31.2594        0.1593       91.7932       91.9524      60.693011       0.00000
  29     6.520       31.2299        0.2234       91.6995       91.9229      60.693011       0.00000
  28     9.300       31.1870        0.3164       91.5636       91.8800      60.693011       0.00000
  27     13.20       31.1245        0.4515       91.3660       91.8175      60.693011       0.00000
  26     19.07       31.0328        0.6486       91.0773       91.7258      60.693011       0.00000
  25     27.70       30.8975        0.9376       90.6529       91.5905      60.693011       0.00000
  24     32.20       30.8268        1.0877       90.4321       91.5198      60.693011       0.00000
  23     37.60       30.7440        1.2627       90.1743       91.4370      60.693011       0.00000
  22     43.70       30.6470        1.4665       89.8735       91.3400      60.693011       0.00000
  21     51.00       30.5333        1.7038       89.5225       91.2264      60.693011       0.00000
  20     59.50       30.4000        1.9803       89.1127       91.0930      60.693011       0.00000
  19     69.50       30.2433        2.3022       88.6341       90.9363      60.693011       0.00000
  18     81.20       30.0591        2.6766       88.0755       90.7521      60.693011       0.00000
  17     95.00       29.8426        3.1115       87.4240       90.5356      60.693011       0.00000
  16     111.0       29.5886        3.6144       86.6671       90.2816      60.693011       0.00000
  15     130.0       29.2911        4.1935       85.7907       89.9841      60.693011       0.00000
  14     153.0       28.9415        4.8606       84.7739       89.6345      60.693011       0.00000
  13     179.0       28.5309        5.6261       83.5979       89.2239      60.693011       0.00000
  12     209.0       28.0577        6.4844       82.2664       88.7507      60.693011       0.00000
  11     243.0       27.5214        7.4269       80.7875       88.2144      60.693011       0.00000
  10     281.0       26.9160        8.4535       79.1554       87.6090      60.693011       0.00000
   9     324.0       26.2345        9.5629       77.3646       86.9275      60.693011       0.00000
   8     372.0       25.4694       10.7519       75.4106       86.1625      60.693011       0.00000
   7     426.0       24.6130       12.0148       73.2912       85.3060      60.693011       0.00000
   6     487.0       23.6554       13.3448       71.0037       84.3484      60.693011       0.00000
   5     554.0       22.5866       14.7318       68.5478       83.2796      60.693011       0.00000
   4     628.0       21.3965       16.1611       65.9284       82.0895      60.693011       0.00000
   3     710.0       20.0747       17.6135       63.1542       80.7677      60.693011       0.00000
   2     802.0       18.6083       19.0703       60.2310       79.3013      60.693011       0.00000
   1     902.0       16.9805       20.5068       57.1667       77.6735      60.693011       0.00000
   0    1013.0       15.1733       21.8945       53.9717       75.8663      60.693011       0.00000



 Wavenumbers: 29000. - 38000. cm-1, ATM      1
 LEVEL PRESSURE   UPWARD FLUX   DIFDOWN FLUX  DIRDOWN FLUX  DOWNWARD FLUX   NET FLUX    HEATING RATE
          mb          W/m2          W/m2          W/m2        W/m2          W/m2       degree/day
  47   .000061        6.6127        0.0000       32.4788       32.4788      25.866119       0.00000
  46   .000117        6.6127        0.0000       32.4788       32.4788      25.866113       0.87160
  45   .000258        6.6127        0.0000       32.4787       32.4787      25.866077       2.15090
  44   .000625        6.6127        0.0000       32.4786       32.4786      25.865907       3.90592
  43   .001640        6.6126        0.0000       32.4779       32.4779      25.865305       5.00468
  42   .004480        6.6126        0.0001       32.4763       32.4764      25.863839       4.35800
  41    .01200        6.6125        0.0003       32.4740       32.4743      25.861886       2.19202
  40    .03000        6.6121        0.0008       32.4704       32.4713      25.859138       1.28840
  39    .06700        6.6114        0.0019       32.4599       32.4618      25.850366       2.00060
  38    0.1390        6.6102        0.0039       32.4220       32.4259      25.815725       4.06033
  37    0.2720        6.6082        0.0075       32.3042       32.3117      25.703528       7.11917
  36    0.5150        6.6052        0.0140       32.0045       32.0185      25.413279      10.08002
  35    0.9510        6.6013        0.0249       31.2924       31.3174      24.716026      13.49592
  34     1.290        6.5997        0.0327       30.6543       30.6870      24.087364      15.65006
  33     1.760        6.5990        0.0425       29.7531       29.7956      23.196563      15.99490
  32     2.410        6.6011        0.0550       28.5753       28.6303      22.029172      15.15659
  31     3.330        6.6092        0.0713       27.2102       27.2815      20.672317      12.44641
  30     4.640        6.6274        0.0930       25.7828       25.8758      19.248445       9.17272
  29     6.520        6.6586        0.1226       24.3790       24.5016      17.843045       6.30871
  28     9.300        6.7033        0.1639       23.0686       23.2325      16.529249       3.98824
  27     13.20        6.7608        0.2222       21.8645       22.0866      15.325865       2.60398
  26     19.07        6.8334        0.3043       20.7208       21.0251      14.191699       1.63056
  25     27.70        6.9227        0.4208       19.6165       20.0373      13.114605       1.05327
  24     32.20        6.9599        0.4805       19.1955       19.6760      12.716172       0.74721
  23     37.60        6.9935        0.5500       18.7936       19.3435      12.350017       0.57223
  22     43.70        7.0240        0.6304       18.3994       19.0298      12.005837       0.47616
  21     51.00        7.0496        0.7236       18.0103       18.7339      11.684343       0.37166
  20     59.50        7.0687        0.8317       17.6220       18.4537      11.385030       0.29717
  19     69.50        7.0763        0.9571       17.2362       18.1933      11.117010       0.22619
  18     81.20        7.0639        1.1039       16.8612       17.9652      10.901252       0.15563
  17     95.00        7.0291        1.2754       16.4865       17.7620      10.732863       0.10297
  16     111.0        6.9773        1.4733       16.0888       17.5621      10.584845       0.07807
  15     130.0        6.9094        1.6890       15.6547       17.3437      10.434326       0.06686
  14     153.0        6.8250        1.9398       15.1767       17.1166      10.291532       0.05239
  13     179.0        6.7163        2.2231       14.6578       16.8810      10.164694       0.04117
  12     209.0        6.5793        2.5339       14.1070       16.6409      10.061655       0.02899
  11     243.0        6.4172        2.8660       13.5235       16.3895       9.972319       0.02217
  10     281.0        6.2281        3.2174       12.9068       16.1242       9.896048       0.01694
   9     324.0        6.0107        3.5830       12.2569       15.8399       9.829250       0.01311
   8     372.0        5.7638        3.9569       11.5742       15.5311       9.767252       0.01090
   7     426.0        5.4849        4.3334       10.8616       15.1950       9.710079       0.00894
   6     487.0        5.1708        4.7042       10.1240       14.8282       9.657414       0.00729
   5     554.0        4.8182        5.0611        9.3660       14.4272       9.608974       0.00610
   4     628.0        4.4242        5.3935        8.5943       13.9878       9.563564       0.00518
   3     710.0        3.9855        5.6895        7.8170       13.5065       9.520968       0.00438
   2     802.0        3.4977        5.9369        7.0422       12.9791       9.481438       0.00363
   1     902.0        2.9554        6.1247        6.2754       12.4002       9.444752       0.00310
   0    1013.0        2.3527        6.2364        5.5269       11.7634       9.410699       0.00259



 Wavenumbers: 38000. - 50000. cm-1, ATM      1
 LEVEL PRESSURE   UPWARD FLUX   DIFDOWN FLUX  DIRDOWN FLUX  DOWNWARD FLUX   NET FLUX    HEATING RATE
          mb          W/m2          W/m2          W/m2        W/m2          W/m2       degree/day
  47   .000061        0.0088        0.0000        2.0245        2.0245       2.015777       0.00000
  46   .000117        0.0088        0.0000        2.0245        2.0245       2.015773       0.62378
  45   .000258        0.0088        0.0000        2.0245        2.0245       2.015751       1.28194
  44   .000625        0.0088        0.0000        2.0244        2.0244       2.015655       2.20076
  43   .001640        0.0088        0.0000        2.0241        2.0241       2.015321       2.78035
  42   .004480        0.0087        0.0000        2.0232        2.0232       2.014492       2.46290
  41    .01200        0.0087        0.0001        2.0219        2.0220       2.013268       1.37392
  40    .03000        0.0086        0.0002        2.0197        2.0199       2.011304       0.92074
  39    .06700        0.0084        0.0004        2.0137        2.0141       2.005721       1.27331
  38    0.1390        0.0080        0.0009        1.9935        1.9943       1.986288       2.27783
  37    0.2720        0.0075        0.0016        1.9333        1.9349       1.927443       3.73384
  36    0.5150        0.0065        0.0028        1.7870        1.7898       1.783244       5.00788
  35    0.9510        0.0052        0.0040        1.4696        1.4736       1.468420       6.09369
  34     1.290        0.0044        0.0044        1.2181        1.2225       1.218065       6.23238
  33     1.760        0.0036        0.0043        0.9157        0.9200       0.916453       5.41564
  32     2.410        0.0028        0.0038        0.6145        0.6184       0.615570       3.90645
  31     3.330        0.0022        0.0033        0.3861        0.3894       0.387227       2.09459
  30     4.640        0.0016        0.0028        0.2410        0.2438       0.242158       0.93455
  29     6.520        0.0012        0.0024        0.1488        0.1512       0.149974       0.41381
  28     9.300        0.0008        0.0019        0.0892        0.0911       0.090278       0.18122
  27     13.20        0.0005        0.0014        0.0490        0.0504       0.049901       0.08737
  26     19.07        0.0003        0.0009        0.0230        0.0238       0.023563       0.03787
  25     27.70        0.0001        0.0004        0.0087        0.0091       0.008970       0.01427
  24     32.20        0.0001        0.0003        0.0055        0.0058       0.005724       0.00609
  23     37.60        0.0001        0.0002        0.0034        0.0036       0.003534       0.00342
  22     43.70        0.0000        0.0001        0.0020        0.0021       0.002089       0.00200
  21     51.00        0.0000        0.0001        0.0011        0.0012       0.001174       0.00106
  20     59.50        0.0000        0.0000        0.0006        0.0006       0.000622       0.00055
  19     69.50        0.0000        0.0000        0.0003        0.0003       0.000309       0.00026
  18     81.20        0.0000        0.0000        0.0001        0.0001       0.000144       0.00012
  17     95.00        0.0000        0.0000        0.0001        0.0001       0.000062       0.00005
  16     111.0        0.0000        0.0000        0.0000        0.0000       0.000023       0.00002
  15     130.0        0.0000        0.0000        0.0000        0.0000       0.000008       0.00001
  14     153.0        0.0000        0.0000        0.0000        0.0000       0.000002       0.00000
  13     179.0        0.0000        0.0000        0.0000        0.0000       0.000000       0.00000
  12     209.0        0.0000        0.0000        0.0000        0.0000       0.000000       0.00000
  11     243.0        0.0000        0.0000        0.0000        0.0000       0.000000       0.00000
  10     281.0        0.0000        0.0000        0.0000        0.0000       0.000000       0.00000
   9     324.0        0.0000        0.0000        0.0000        0.0000       0.000000       0.00000
   8     372.0        0.0000        0.0000        0.0000        0.0000       0.000000       0.00000
   7     426.0        0.0000        0.0000        0.0000        0.0000       0.000000       0.00000
   6     487.0        0.0000        0.0000        0.0000        0.0000       0.000000       0.00000
   5     554.0        0.0000        0.0000        0.0000        0.0000       0.000000       0.00000
   4     628.0        0.0000        0.0000        0.0000        0.0000       0.000000       0.00000
   3     710.0        0.0000        0.0000        0.0000        0.0000       0.000000       0.00000
   2     802.0        0.0000        0.0000        0.0000        0.0000       0.000000       0.00000
   1     902.0        0.0000        0.0000        0.0000        0.0000       0.000000       0.00000
   0    1013.0        0.0000        0.0000        0.0000        0.0000       0.000000       0.00000



 Wavenumbers:   820. -  2600. cm-1, ATM      1
 LEVEL PRESSURE   UPWARD FLUX   DIFDOWN FLUX  DIRDOWN FLUX  DOWNWARD FLUX   NET FLUX    HEATING RATE
          mb          W/m2          W/m2          W/m2        W/m2          W/m2       degree/day
  47   .000061        0.3821        0.0000        9.3605        9.3605       8.978410       0.00000
  46   .000117        0.3821        0.0000        9.3604        9.3604       8.978336      11.11695
  45   .000258        0.3821        0.0000        9.3601        9.3601       8.978066      16.16498
  44   .000625        0.3821        0.0000        9.3596        9.3596       8.977526      12.41171
  43   .001640        0.3821        0.0000        9.3590        9.3590       8.976878       5.38908
  42   .004480        0.3821        0.0000        9.3577        9.3577       8.975636       3.69181
  41    .01200        0.3821        0.0000        9.3560        9.3560       8.973875       1.97542
  40    .03000        0.3821        0.0000        9.3547        9.3547       8.972660       0.56984
  39    .06700        0.3821        0.0000        9.3531        9.3531       8.970986       0.38182
  38    0.1390        0.3821        0.0000        9.3491        9.3491       8.967049       0.46140
  37    0.2720        0.3821        0.0000        9.3420        9.3420       8.959928       0.45184
  36    0.5150        0.3821        0.0000        9.3317        9.3317       8.949631       0.35764
  35    0.9510        0.3821        0.0000        9.3152        9.3152       8.933124       0.31949
  34     1.290        0.3821        0.0000        9.3025        9.3025       8.920424       0.31616
  33     1.760        0.3821        0.0000        9.2855        9.2855       8.903422       0.30528
  32     2.410        0.3821        0.0000        9.2627        9.2627       8.880584       0.29651
  31     3.330        0.3821        0.0000        9.2317        9.2317       8.849579       0.28441
  30     4.640        0.3821        0.0000        9.1899        9.1899       8.807772       0.26932
  29     6.520        0.3821        0.0000        9.1342        9.1342       8.752068       0.25005
  28     9.300        0.3821        0.0000        9.0598        9.0598       8.677708       0.22573
  27     13.20        0.3821        0.0000        8.9624        8.9624       8.580347       0.21068
  26     19.07        0.3821        0.0000        8.8487        8.8487       8.466572       0.16357
  25     27.70        0.3821        0.0000        8.7438        8.7438       8.361694       0.10256
  24     32.20        0.3821        0.0000        8.7097        8.7097       8.327566       0.06400
  23     37.60        0.3821        0.0000        8.6794        8.6795       8.297323       0.04726
  22     43.70        0.3821        0.0000        8.6509        8.6509       8.268751       0.03953
  21     51.00        0.3821        0.0000        8.6212        8.6212       8.239037       0.03435
  20     59.50        0.3822        0.0000        8.5878        8.5878       8.205682       0.03312
  19     69.50        0.3822        0.0000        8.5493        8.5494       8.167183       0.03249
  18     81.20        0.3822        0.0000        8.5052        8.5052       8.122979       0.03188
  17     95.00        0.3822        0.0000        8.4540        8.4541       8.071850       0.03127
  16     111.0        0.3822        0.0000        8.3945        8.3945       8.012279       0.03142
  15     130.0        0.3823        0.0000        8.3254        8.3254       7.943176       0.03069
  14     153.0        0.3823        0.0000        8.2408        8.2408       7.858508       0.03107
  13     179.0        0.3823        0.0000        8.1316        8.1317       7.749306       0.03545
  12     209.0        0.3824        0.0000        7.9586        7.9586       7.576198       0.04870
  11     243.0        0.3826        0.0000        7.6452        7.6453       7.262667       0.07782
  10     281.0        0.3829        0.0000        7.2098        7.2099       6.826946       0.09677
   9     324.0        0.3835        0.0000        6.7883        6.7884       6.404869       0.08284
   8     372.0        0.3844        0.0000        6.3301        6.3302       5.945793       0.08071
   7     426.0        0.3857        0.0000        5.7812        5.7812       5.395500       0.08600
   6     487.0        0.3875        0.0000        5.2753        5.2754       4.887875       0.07023
   5     554.0        0.3902        0.0000        4.9325        4.9325       4.542307       0.04353
   4     628.0        0.3951        0.0000        4.6535        4.6536       4.258503       0.03237
   3     710.0        0.4049        0.0000        4.3006        4.3006       3.895655       0.03734
   2     802.0        0.4257        0.0000        3.8657        3.8658       3.440056       0.04179
   1     902.0        0.4709        0.0000        3.3939        3.3940       2.923042       0.04363
   0    1013.0        0.5743        0.0000        2.8716        2.8717       2.297349       0.04757

  Modules and versions used in this calculation:

       rrtmg_sw.1col.f90:  $Revision: 30822 $            rrtmg_sw_init.f90:  $Revision: 30822 $
     rrtmgsw_cldprop.f90:  $Revision: 29812 $          rrtmgsw_cldprmc.f90:  NOT USED          
     rrtmg_sw_reftra.f90:  $Revision: 29812 $          rrtmg_sw_spcvrt.f90:  NOT USED          
     rrtmg_sw_spcvmc.f90:  NOT USED                    rrtmgsw_setcoef.f90:  NOT USED          
     rrtmg_sw_taumol.f90:  $Revision: 30822 $          rrtmg_sw_vrtqdr.f90:  NOT USED          
                rrtatm.f:  NOT USED                             util_xxx.f:  NOT USED          
                 extra.f:  NOT USED                       rrtmg_sw_k_g.f90:  $Revision: 30822 $

