

 Wavenumbers:   820. - 50000. cm-1, ATM      1
 LEVEL PRESSURE   UPWARD FLUX   DIFDOWN FLUX  DIRDOWN FLUX  DOWNWARD FLUX   NET FLUX    HEATING RATE
          mb          W/m2          W/m2          W/m2        W/m2          W/m2       degree/day
  60   .000300      232.0596        0.0000     1368.2222     1368.2222    1136.162591       0.00000
  59    0.1000      232.0543        0.0113     1368.0858     1368.0970    1136.042774      10.14193
  58    0.1403      232.0524        0.0158     1368.0189     1368.0348    1135.982380      12.64711
  57    0.1968      232.0499        0.0222     1367.9081     1367.9303    1135.880399      15.23240
  56    0.2760      232.0469        0.0311     1367.7273     1367.7584    1135.711448      18.00256
  55    0.3871      232.0431        0.0434     1367.4408     1367.4842    1135.441086      20.53666
  54    0.5430      232.0387        0.0605     1366.9917     1367.0522    1135.013506      23.14568
  53    0.7617      232.0342        0.0838     1366.2650     1366.3488    1134.314604      26.96907
  52     1.069      232.0312        0.1158     1365.1046     1365.2204    1133.189164      30.95746
  51     1.499      232.0328        0.1586     1363.3692     1363.5278    1131.495011      33.22613
  50     2.102      232.0461        0.2160     1360.9789     1361.1948    1129.148735      32.80412
  49     2.949      232.0850        0.2956     1358.0440     1358.3395    1126.254588      28.84967
  48     4.137      232.1662        0.4061     1354.9757     1355.3817    1123.215546      21.59559
  47     5.803      232.2997        0.5594     1351.9465     1352.5059    1120.206166      15.24497
  46     8.139      232.4830        0.7727     1348.9327     1349.7054    1117.222362      10.77621
  45     11.42      232.7050        1.0697     1345.8702     1346.9400    1114.234991       7.69140
  44     16.01      232.9604        1.4823     1342.6054     1344.0877    1111.127324       5.70417
  43     22.46      233.2440        2.0563     1338.9877     1341.0440    1107.800023       4.35390
  42     31.51      233.5058        2.8556     1335.0137     1337.8692    1104.363485       3.20582
  41     44.20      233.6393        3.9723     1330.7081     1334.6803    1101.041032       2.20956
  40     62.00      233.5688        5.5177     1325.8501     1331.3678    1097.798972       1.53711
  39     85.78      233.1276        7.5661     1320.5448     1328.1109    1094.983344       0.99943
  38     109.6      232.4847        9.6265     1315.7463     1325.3728    1092.888076       0.74373
  37     133.1      231.8087       11.5806     1311.3316     1322.9121    1091.103455       0.64088
  36     156.8      231.1180       13.4547     1307.1590     1320.6137    1089.495661       0.57013
  35     180.6      230.3391       15.4202     1302.7929     1318.2131    1087.874013       0.57571
  34     202.8      229.5444       17.2893     1298.4385     1315.7277    1086.183322       0.64192
  33     228.4      228.7086       19.1699     1293.5889     1312.7588    1084.050144       0.70382
  32     252.2      227.8532       21.0289     1288.2192     1309.2481    1081.394966       0.94248
  31     276.0      226.9907       22.8409     1282.2645     1305.1054    1078.114641       1.16438
  30     299.8      226.1078       24.6416     1275.4227     1300.0644    1073.956587       1.47594
  29     323.5      225.2151       26.4200     1267.8333     1294.2532    1069.038113       1.74586
  28     347.3      224.3244       28.1568     1259.7923     1287.9491    1063.624674       1.92155
  27     371.1      223.4395       29.8470     1251.6265     1281.4736    1058.034052       1.98444
  26     394.9      222.5384       31.5360     1243.0653     1274.6013    1052.062946       2.11950
  25     418.6      221.6373       33.1958     1234.2260     1267.4218    1045.784455       2.22861
  24     442.4      220.7366       34.8295     1225.0632     1259.8928    1039.156198       2.35276
  23     466.2      219.8336       36.4428     1215.6996     1252.1424    1032.308862       2.43052
  22     490.0      218.9426       38.0141     1206.3094     1244.3235    1025.380893       2.45914
  21     513.7      218.0509       39.5708     1196.7272     1236.2980    1018.247135       2.53219
  20     537.5      217.1747       41.0893     1187.1071     1228.1964    1011.021671       2.56474
  19     561.3      216.3152       42.5728     1177.4475     1220.0203    1003.705156       2.59706
  18     585.1      215.4549       44.0537     1167.6581     1211.7119     996.256936       2.64381
  17     608.8      214.6154       45.4973     1158.0124     1203.5096     988.894224       2.61346
  16     632.6      213.7991       46.9046     1148.4916     1195.3961     981.597021       2.59021
  15     656.4      212.9948       48.3046     1138.7984     1187.1030     974.108163       2.65824
  14     680.2      212.2265       49.6692     1129.0415     1178.7107     966.484200       2.70619
  13     703.9      211.5002       50.9993     1119.2360     1170.2352     958.735009       2.75064
  12     727.7      210.8146       52.3148     1109.2308     1161.5456     950.731022       2.84109
  11     751.5      210.1865       53.6149     1098.9200     1152.5348     942.348286       2.97553
  10     775.3      209.6401       54.8834     1088.4352     1143.3186     933.678494       3.07742
   9     799.0      209.1940       56.1204     1077.7842     1133.9047     924.710688       3.18320
   8     822.8      208.8492       57.3466     1066.9970     1124.3436     915.494356       3.27142
   7     846.6      208.5903       58.5496     1056.6232     1115.1727     906.582425       3.16337
   6     870.4      208.4303       59.7235     1046.6504     1106.3739     897.943589       3.06643
   5     894.1      208.3873       60.8692     1037.0003     1097.8694     889.482166       3.00346
   4     917.9      208.4888       61.9991     1027.5166     1089.5157     881.026942       3.00126
   3     941.7      208.7816       63.1093     1018.1623     1081.2717     872.490097       3.03023
   2     965.5      209.3200       64.1917     1008.9922     1073.1839     863.863948       3.06193
   1     989.2      210.1820       65.2469     1000.0059     1065.2528     855.070839       3.12054
   0    1013.0      211.4929       66.2755      991.1889     1057.4644     845.971539       3.23056

  Modules and versions used in this calculation:

       rrtmg_sw.1col.f90:  $Revision: 11661 $            rrtmg_sw_init.f90:  $Revision: 23308 $
     rrtmgsw_cldprop.f90:  $Revision: 23308 $          rrtmgsw_cldprmc.f90:  NOT USED          
     rrtmg_sw_reftra.f90:  $Revision: 11661 $          rrtmg_sw_spcvrt.f90:  NOT USED          
     rrtmg_sw_spcvmc.f90:  NOT USED                    rrtmgsw_setcoef.f90:  NOT USED          
     rrtmg_sw_taumol.f90:  $Revision: 11661 $          rrtmg_sw_vrtqdr.f90:  NOT USED          
                rrtatm.f:  NOT USED                             util_xxx.f:  NOT USED          
                 extra.f:  NOT USED                       rrtmg_sw_k_g.f90:  $Revision: 11661 $

