

 Wavenumbers:   820. - 50000. cm-1, ATM      1
 LEVEL PRESSURE   UPWARD FLUX   DIFDOWN FLUX  DIRDOWN FLUX  DOWNWARD FLUX   NET FLUX    HEATING RATE
          mb          W/m2          W/m2          W/m2        W/m2          W/m2       degree/day
  47   .000061      176.8086        0.0000      962.5312      962.5312     785.722608       0.00000
  46   .000117      176.8086        0.0000      962.5311      962.5311     785.722513      14.38108
  45   .000258      176.8086        0.0000      962.5307      962.5308     785.722138      22.43223
  44   .000625      176.8086        0.0001      962.5297      962.5298     785.721154      22.62254
  43   .001640      176.8085        0.0002      962.5274      962.5275     785.718986      18.02574
  42   .004480      176.8084        0.0005      962.5217      962.5222     785.713829      15.32367
  41    .01200      176.8079        0.0013      962.5119      962.5132     785.705256       9.62088
  40    .03000      176.8068        0.0032      962.4968      962.4999     785.693099       5.69981
  39    .06700      176.8046        0.0071      962.4653      962.4724     785.667830       5.76347
  38    0.1390      176.8005        0.0147      962.3803      962.3950     785.594455       8.60033
  37    0.2720      176.7937        0.0287      962.1550      962.1837     785.389989      12.97381
  36    0.5150      176.7828        0.0538      961.6308      961.6846     784.901815      16.95380
  35    0.9510      176.7670        0.0974      960.4664      960.5638     783.796797      21.38854
  34     1.290      176.7581        0.1299      959.4715      959.6015     782.843386      23.73445
  33     1.760      176.7501        0.1732      958.1207      958.2939     781.543799      23.33491
  32     2.410      176.7470        0.2320      956.4280      956.6600     779.913028      21.17279
  31     3.330      176.7567        0.3137      954.5141      954.8278     778.071124      16.89575
  30     4.640      176.7886        0.4285      952.4608      952.8893     776.100647      12.69400
  29     6.520      176.8476        0.5916      950.2652      950.8568     774.009252       9.38808
  28     9.300      176.9277        0.8267      947.9149      948.7416     771.813943       6.66422
  27     13.20      177.0145        1.1666      945.3409      946.5075     769.493034       5.02218
  26     19.07      177.0946        1.6601      942.3857      944.0458     766.951221       3.65430
  25     27.70      177.1387        2.3809      938.9061      941.2871     764.148361       2.74087
  24     32.20      177.1266        2.7550      937.3661      940.1211     762.994478       2.16395
  23     37.60      177.0807        3.1914      935.7485      938.9400     761.859277       1.77410
  22     43.70      176.9978        3.7002      934.0199      937.7201     760.722334       1.57292
  21     51.00      176.8688        4.2929      932.1632      936.4562     759.587361       1.31208
  20     59.50      176.6837        4.9844      930.1518      935.1362     758.452550       1.12669
  19     69.50      176.4239        5.7911      927.9762      933.7672     757.343291       0.93612
  18     81.20      176.0615        6.7335      925.6412      932.3747     756.313160       0.74303
  17     95.00      175.5827        7.8333      923.0939      930.9271     755.344486       0.59238
  16     111.0      174.9976        9.1101      920.2135      929.3236     754.326005       0.53719
  15     130.0      174.2933       10.5750      916.9464      927.5214     753.228116       0.48764
  14     153.0      173.4501       12.2748      913.1916      925.4664     752.016261       0.44465
  13     179.0      172.4332       14.2341      908.8506      923.0846     750.651400       0.44301
  12     209.0      171.2306       16.4425      903.5905      920.0329     748.802349       0.52015
  11     243.0      169.8506       18.8814      896.6647      915.5461     745.695487       0.77115
  10     281.0      168.2805       21.5558      887.0800      908.6358     740.355331       1.18596
   9     324.0      166.5086       24.4677      875.1800      899.6477     733.139111       1.41625
   8     372.0      164.5229       27.6156      861.8978      889.5134     724.990491       1.43265
   7     426.0      162.3114       30.9941      846.5469      877.5410     715.229602       1.52544
   6     487.0      159.8628       34.5949      828.9097      863.5046     703.641844       1.60313
   5     554.0      157.1744       38.4043      809.2634      847.6678     690.493384       1.65615
   4     628.0      154.2834       42.3937      786.6504      829.0441     674.760693       1.79420
   3     710.0      151.2819       46.5240      760.8546      807.3786     656.096648       1.92084
   2     802.0      148.3835       50.7530      732.2555      783.0086     634.625022       1.96959
   1     902.0      146.0740       55.0320      701.2243      756.2563     610.182268       2.06276
   0    1013.0      145.6217       59.3107      668.7975      728.1083     582.486606       2.10566



 Wavenumbers:  2600. -  3250. cm-1, ATM      1
 LEVEL PRESSURE   UPWARD FLUX   DIFDOWN FLUX  DIRDOWN FLUX  DOWNWARD FLUX   NET FLUX    HEATING RATE
          mb          W/m2          W/m2          W/m2        W/m2          W/m2       degree/day
  47   .000061        0.5333        0.0000        8.4832        8.4832       7.949839       0.00000
  46   .000117        0.5333        0.0000        8.4832        8.4832       7.949839       0.00457
  45   .000258        0.5333        0.0000        8.4832        8.4832       7.949839       0.00494
  44   .000625        0.5333        0.0000        8.4832        8.4832       7.949839       0.00533
  43   .001640        0.5333        0.0000        8.4832        8.4832       7.949838       0.00568
  42   .004480        0.5333        0.0000        8.4832        8.4832       7.949836       0.00605
  41    .01200        0.5333        0.0000        8.4832        8.4832       7.949830       0.00615
  40    .03000        0.5333        0.0000        8.4831        8.4831       7.949818       0.00604
  39    .06700        0.5333        0.0000        8.4831        8.4831       7.949791       0.00615
  38    0.1390        0.5333        0.0000        8.4831        8.4831       7.949739       0.00611
  37    0.2720        0.5333        0.0000        8.4830        8.4830       7.949642       0.00610
  36    0.5150        0.5333        0.0000        8.4828        8.4828       7.949464       0.00620
  35    0.9510        0.5333        0.0000        8.4824        8.4824       7.949095       0.00713
  34     1.290        0.5333        0.0000        8.4821        8.4821       7.948748       0.00864
  33     1.760        0.5333        0.0000        8.4815        8.4815       7.948173       0.01033
  32     2.410        0.5333        0.0000        8.4806        8.4806       7.947230       0.01224
  31     3.330        0.5333        0.0000        8.4790        8.4790       7.945717       0.01388
  30     4.640        0.5333        0.0000        8.4767        8.4767       7.943346       0.01527
  29     6.520        0.5333        0.0000        8.4731        8.4731       7.939733       0.01622
  28     9.300        0.5333        0.0000        8.4677        8.4677       7.934416       0.01614
  27     13.20        0.5333        0.0000        8.4603        8.4603       7.926973       0.01611
  26     19.07        0.5333        0.0000        8.4506        8.4506       7.917278       0.01394
  25     27.70        0.5333        0.0000        8.4387        8.4387       7.905424       0.01159
  24     32.20        0.5333        0.0000        8.4331        8.4331       7.899800       0.01055
  23     37.60        0.5333        0.0000        8.4265        8.4265       7.893192       0.01033
  22     43.70        0.5333        0.0000        8.4186        8.4186       7.885265       0.01097
  21     51.00        0.5333        0.0000        8.4088        8.4088       7.875491       0.01130
  20     59.50        0.5333        0.0000        8.3965        8.3965       7.863181       0.01222
  19     69.50        0.5333        0.0000        8.3809        8.3809       7.847593       0.01315
  18     81.20        0.5333        0.0000        8.3613        8.3613       7.827963       0.01416
  17     95.00        0.5334        0.0000        8.3369        8.3370       7.803600       0.01490
  16     111.0        0.5334        0.0000        8.3065        8.3065       7.773119       0.01608
  15     130.0        0.5334        0.0001        8.2702        8.2702       7.736810       0.01613
  14     153.0        0.5335        0.0001        8.2275        8.2276       7.694143       0.01566
  13     179.0        0.5335        0.0001        8.1785        8.1786       7.645049       0.01594
  12     209.0        0.5336        0.0001        8.1219        8.1220       7.588380       0.01594
  11     243.0        0.5339        0.0001        8.0499        8.0499       7.516049       0.01795
  10     281.0        0.5344        0.0001        7.9525        7.9526       7.418213       0.02173
   9     324.0        0.5352        0.0001        7.8301        7.8303       7.295105       0.02416
   8     372.0        0.5364        0.0001        7.6837        7.6838       7.147423       0.02596
   7     426.0        0.5383        0.0001        7.4922        7.4924       6.954021       0.03023
   6     487.0        0.5413        0.0002        7.2259        7.2261       6.684716       0.03726
   5     554.0        0.5461        0.0002        6.8704        6.8706       6.324514       0.04537
   4     628.0        0.5542        0.0002        6.3989        6.3990       5.844839       0.05470
   3     710.0        0.5684        0.0002        5.8519        5.8521       5.283674       0.05775
   2     802.0        0.5950        0.0002        5.2410        5.2412       4.646202       0.05848
   1     902.0        0.6481        0.0002        4.5562        4.5564       3.908277       0.06227
   0    1013.0        0.7698        0.0002        3.8486        3.8488       3.079056       0.06304



 Wavenumbers:  3250. -  4000. cm-1, ATM      1
 LEVEL PRESSURE   UPWARD FLUX   DIFDOWN FLUX  DIRDOWN FLUX  DOWNWARD FLUX   NET FLUX    HEATING RATE
          mb          W/m2          W/m2          W/m2        W/m2          W/m2       degree/day
  47   .000061        0.0007        0.0000       14.3014       14.3014      14.300730       0.00000
  46   .000117        0.0007        0.0000       14.3014       14.3014      14.300721       1.29572
  45   .000258        0.0007        0.0000       14.3013       14.3013      14.300683       2.24457
  44   .000625        0.0007        0.0000       14.3012       14.3012      14.300537       3.36308
  43   .001640        0.0007        0.0000       14.3007       14.3007      14.300055       4.00868
  42   .004480        0.0007        0.0000       14.2994       14.2994      14.298728       3.94339
  41    .01200        0.0007        0.0000       14.2965       14.2965      14.295843       3.23752
  40    .03000        0.0007        0.0000       14.2920       14.2920      14.291375       2.09473
  39    .06700        0.0007        0.0000       14.2866       14.2866      14.285925       1.24304
  38    0.1390        0.0007        0.0000       14.2790       14.2790      14.278312       0.89231
  37    0.2720        0.0007        0.0000       14.2680       14.2680      14.267309       0.69817
  36    0.5150        0.0007        0.0000       14.2538       14.2538      14.253119       0.49282
  35    0.9510        0.0007        0.0000       14.2341       14.2341      14.233420       0.38128
  34     1.290        0.0007        0.0000       14.2208       14.2209      14.220192       0.32931
  33     1.760        0.0007        0.0000       14.2051       14.2051      14.204481       0.28210
  32     2.410        0.0007        0.0000       14.1869       14.1869      14.186229       0.23698
  31     3.330        0.0007        0.0000       14.1655       14.1655      14.164831       0.19628
  30     4.640        0.0007        0.0000       14.1393       14.1393      14.138689       0.16841
  29     6.520        0.0007        0.0000       14.1048       14.1049      14.104199       0.15482
  28     9.300        0.0006        0.0000       14.0550       14.0551      14.054413       0.15114
  27     13.20        0.0006        0.0000       13.9793       13.9793      13.978643       0.16396
  26     19.07        0.0006        0.0000       13.8627       13.8627      13.862099       0.16755
  25     27.70        0.0006        0.0000       13.6866       13.6866      13.685986       0.17222
  24     32.20        0.0006        0.0000       13.5965       13.5966      13.595941       0.16887
  23     37.60        0.0006        0.0001       13.4955       13.4956      13.494962       0.15781
  22     43.70        0.0006        0.0001       13.3846       13.3847      13.384053       0.15344
  21     51.00        0.0006        0.0001       13.2655       13.2656      13.264994       0.13764
  20     59.50        0.0006        0.0001       13.1386       13.1387      13.138134       0.12595
  19     69.50        0.0006        0.0001       13.0031       13.0032      13.002590       0.11439
  18     81.20        0.0006        0.0001       12.8539       12.8540      12.853417       0.10760
  17     95.00        0.0005        0.0001       12.6852       12.6853      12.684744       0.10315
  16     111.0        0.0005        0.0001       12.4832       12.4833      12.482799       0.10652
  15     130.0        0.0005        0.0002       12.2538       12.2539      12.253425       0.10188
  14     153.0        0.0005        0.0002       11.9870       11.9871      11.986668       0.09788
  13     179.0        0.0004        0.0002       11.6640       11.6642      11.663788       0.10480
  12     209.0        0.0004        0.0002       11.1671       11.1673      11.166880       0.13978
  11     243.0        0.0004        0.0003       10.3831       10.3833      10.382975       0.19457
  10     281.0        0.0003        0.0003        9.2408        9.2410       9.240679       0.25368
   9     324.0        0.0003        0.0003        7.9729        7.9731       7.972813       0.24883
   8     372.0        0.0003        0.0002        6.7342        6.7344       6.734153       0.21778
   7     426.0        0.0003        0.0002        5.5368        5.5370       5.536771       0.18713
   6     487.0        0.0002        0.0002        4.4775        4.4777       4.477486       0.14655
   5     554.0        0.0002        0.0002        3.5190        3.5192       3.518936       0.12074
   4     628.0        0.0003        0.0001        2.5826        2.5827       2.582487       0.10680
   3     710.0        0.0003        0.0001        1.6740        1.6741       1.673814       0.09352
   2     802.0        0.0006        0.0001        0.9009        0.9010       0.900394       0.07095
   1     902.0        0.0020        0.0000        0.3653        0.3653       0.363304       0.04533
   0    1013.0        0.0163        0.0000        0.0815        0.0816       0.065241       0.02266



 Wavenumbers:  4000. -  4650. cm-1, ATM      1
 LEVEL PRESSURE   UPWARD FLUX   DIFDOWN FLUX  DIRDOWN FLUX  DOWNWARD FLUX   NET FLUX    HEATING RATE
          mb          W/m2          W/m2          W/m2        W/m2          W/m2       degree/day
  47   .000061        2.0236        0.0000       16.7941       16.7941      14.770516       0.00000
  46   .000117        2.0236        0.0000       16.7941       16.7941      14.770516       0.00058
  45   .000258        2.0236        0.0000       16.7941       16.7941      14.770516       0.00062
  44   .000625        2.0236        0.0000       16.7941       16.7941      14.770516       0.00067
  43   .001640        2.0236        0.0000       16.7941       16.7941      14.770516       0.00071
  42   .004480        2.0236        0.0000       16.7941       16.7941      14.770516       0.00075
  41    .01200        2.0236        0.0000       16.7941       16.7941      14.770515       0.00077
  40    .03000        2.0236        0.0000       16.7941       16.7941      14.770513       0.00075
  39    .06700        2.0236        0.0000       16.7941       16.7941      14.770510       0.00077
  38    0.1390        2.0236        0.0000       16.7941       16.7941      14.770503       0.00076
  37    0.2720        2.0236        0.0000       16.7941       16.7941      14.770491       0.00076
  36    0.5150        2.0236        0.0000       16.7941       16.7941      14.770469       0.00078
  35    0.9510        2.0236        0.0000       16.7940       16.7940      14.770423       0.00089
  34     1.290        2.0236        0.0000       16.7940       16.7940      14.770379       0.00109
  33     1.760        2.0236        0.0000       16.7939       16.7939      14.770306       0.00131
  32     2.410        2.0236        0.0000       16.7938       16.7938      14.770184       0.00158
  31     3.330        2.0236        0.0000       16.7936       16.7936      14.769983       0.00184
  30     4.640        2.0236        0.0000       16.7933       16.7933      14.769655       0.00211
  29     6.520        2.0236        0.0000       16.7927       16.7927      14.769124       0.00239
  28     9.300        2.0236        0.0000       16.7918       16.7919      14.768258       0.00263
  27     13.20        2.0236        0.0001       16.7904       16.7904      14.766841       0.00306
  26     19.07        2.0236        0.0001       16.7880       16.7881      14.764517       0.00334
  25     27.70        2.0236        0.0001       16.7841       16.7843      14.760701       0.00373
  24     32.20        2.0235        0.0001       16.7819       16.7820      14.758489       0.00415
  23     37.60        2.0235        0.0001       16.7790       16.7792      14.755623       0.00448
  22     43.70        2.0235        0.0002       16.7753       16.7755      14.751949       0.00508
  21     51.00        2.0235        0.0002       16.7706       16.7708      14.747291       0.00539
  20     59.50        2.0235        0.0002       16.7648       16.7650      14.741475       0.00577
  19     69.50        2.0235        0.0003       16.7576       16.7578      14.734334       0.00603
  18     81.20        2.0235        0.0003       16.7489       16.7492      14.725681       0.00624
  17     95.00        2.0235        0.0004       16.7385       16.7388      14.715303       0.00635
  16     111.0        2.0236        0.0004       16.7256       16.7261      14.702500       0.00675
  15     130.0        2.0236        0.0005       16.7104       16.7109      14.687289       0.00676
  14     153.0        2.0237        0.0006       16.6922       16.6928      14.669050       0.00669
  13     179.0        2.0239        0.0007       16.6701       16.6708      14.646906       0.00719
  12     209.0        2.0242        0.0008       16.6421       16.6429      14.618758       0.00792
  11     243.0        2.0247        0.0010       16.6014       16.6023      14.577600       0.01022
  10     281.0        2.0258        0.0011       16.5361       16.5372      14.511475       0.01469
   9     324.0        2.0275        0.0013       16.4418       16.4430      14.415481       0.01884
   8     372.0        2.0302        0.0014       16.3105       16.3119      14.281670       0.02353
   7     426.0        2.0340        0.0016       16.1168       16.1184      14.084424       0.03083
   6     487.0        2.0391        0.0018       15.8445       15.8463      13.807156       0.03836
   5     554.0        2.0465        0.0020       15.5037       15.5058      13.459212       0.04383
   4     628.0        2.0584        0.0022       15.0887       15.0909      13.032470       0.04867
   3     710.0        2.0792        0.0024       14.5509       14.5533      12.474087       0.05747
   2     802.0        2.1182        0.0026       13.7836       13.7862      11.667989       0.07394
   1     902.0        2.1960        0.0027       12.8207       12.8234      10.627422       0.08781
   0    1013.0        2.3680        0.0028       11.8371       11.8399       9.471941       0.08785



 Wavenumbers:  4650. -  5150. cm-1, ATM      1
 LEVEL PRESSURE   UPWARD FLUX   DIFDOWN FLUX  DIRDOWN FLUX  DOWNWARD FLUX   NET FLUX    HEATING RATE
          mb          W/m2          W/m2          W/m2        W/m2          W/m2       degree/day
  47   .000061        1.4730        0.0000       15.8964       15.8964      14.423425       0.00000
  46   .000117        1.4730        0.0000       15.8964       15.8964      14.423425       0.04731
  45   .000258        1.4730        0.0000       15.8964       15.8964      14.423424       0.08271
  44   .000625        1.4730        0.0000       15.8964       15.8964      14.423418       0.12511
  43   .001640        1.4730        0.0000       15.8964       15.8964      14.423400       0.15300
  42   .004480        1.4730        0.0000       15.8963       15.8963      14.423345       0.16342
  41    .01200        1.4730        0.0000       15.8962       15.8962      14.423197       0.16588
  40    .03000        1.4730        0.0000       15.8959       15.8959      14.422846       0.16465
  39    .06700        1.4730        0.0000       15.8951       15.8951      14.422113       0.16725
  38    0.1390        1.4730        0.0000       15.8937       15.8937      14.420710       0.16433
  37    0.2720        1.4730        0.0000       15.8912       15.8912      14.418175       0.16088
  36    0.5150        1.4730        0.0000       15.8868       15.8868      14.413766       0.15311
  35    0.9510        1.4730        0.0000       15.8794       15.8794      14.406366       0.14323
  34     1.290        1.4730        0.0000       15.8741       15.8741      14.401088       0.13139
  33     1.760        1.4730        0.0000       15.8674       15.8674      14.394408       0.11995
  32     2.410        1.4730        0.0000       15.8591       15.8591      14.386126       0.10752
  31     3.330        1.4730        0.0000       15.8492       15.8492      14.376197       0.09108
  30     4.640        1.4730        0.0000       15.8378       15.8378      14.364796       0.07345
  29     6.520        1.4730        0.0000       15.8253       15.8253      14.352351       0.05586
  28     9.300        1.4730        0.0001       15.8120       15.8121      14.339084       0.04028
  27     13.20        1.4730        0.0001       15.7971       15.7972      14.324262       0.03207
  26     19.07        1.4729        0.0001       15.7775       15.7776      14.304687       0.02814
  25     27.70        1.4729        0.0002       15.7462       15.7464      14.273432       0.03056
  24     32.20        1.4729        0.0002       15.7281       15.7283      14.255320       0.03397
  23     37.60        1.4730        0.0002       15.7054       15.7056      14.232624       0.03547
  22     43.70        1.4730        0.0003       15.6769       15.6772      14.204216       0.03930
  21     51.00        1.4730        0.0003       15.6416       15.6419      14.168909       0.04082
  20     59.50        1.4730        0.0004       15.5980       15.5983      14.125317       0.04328
  19     69.50        1.4731        0.0004       15.5446       15.5450      14.071969       0.04502
  18     81.20        1.4732        0.0005       15.4803       15.4808      14.007663       0.04638
  17     95.00        1.4733        0.0006       15.4042       15.4048      13.931485       0.04659
  16     111.0        1.4734        0.0006       15.3160       15.3166      13.843184       0.04657
  15     130.0        1.4737        0.0008       15.2161       15.2169      13.743188       0.04441
  14     153.0        1.4740        0.0009       15.1051       15.1059      13.631921       0.04083
  13     179.0        1.4745        0.0010       14.9843       14.9853      13.510829       0.03930
  12     209.0        1.4751        0.0012       14.8564       14.8576      13.382453       0.03611
  11     243.0        1.4761        0.0014       14.7203       14.7216      13.245501       0.03399
  10     281.0        1.4777        0.0015       14.5669       14.5684      13.090696       0.03438
   9     324.0        1.4803        0.0018       14.3848       14.3866      12.906332       0.03618
   8     372.0        1.4840        0.0020       14.1661       14.1681      12.684104       0.03907
   7     426.0        1.4895        0.0022       13.8947       13.8969      12.407452       0.04324
   6     487.0        1.4975        0.0025       13.5513       13.5538      12.056312       0.04858
   5     554.0        1.5092        0.0027       13.1187       13.1214      11.612171       0.05594
   4     628.0        1.5276        0.0030       12.5665       12.5695      11.041867       0.06504
   3     710.0        1.5576        0.0032       11.8778       11.8809      10.323355       0.07395
   2     802.0        1.6087        0.0033       11.0757       11.0790       9.470294       0.07825
   1     902.0        1.7011        0.0035       10.2089       10.2124       8.511265       0.08093
   0    1013.0        1.8719        0.0036        9.3560        9.3596       7.487656       0.07782



 Wavenumbers:  5150. -  6150. cm-1, ATM      1
 LEVEL PRESSURE   UPWARD FLUX   DIFDOWN FLUX  DIRDOWN FLUX  DOWNWARD FLUX   NET FLUX    HEATING RATE
          mb          W/m2          W/m2          W/m2        W/m2          W/m2       degree/day
  47   .000061        3.5753        0.0000       39.8524       39.8524      36.277073       0.00000
  46   .000117        3.5753        0.0000       39.8524       39.8524      36.277073       0.00284
  45   .000258        3.5753        0.0000       39.8524       39.8524      36.277073       0.00327
  44   .000625        3.5753        0.0000       39.8524       39.8524      36.277073       0.00412
  43   .001640        3.5753        0.0000       39.8524       39.8524      36.277072       0.00599
  42   .004480        3.5753        0.0000       39.8524       39.8524      36.277069       0.00921
  41    .01200        3.5753        0.0000       39.8524       39.8524      36.277057       0.01420
  40    .03000        3.5753        0.0000       39.8523       39.8523      36.277013       0.02033
  39    .06700        3.5753        0.0000       39.8522       39.8522      36.276895       0.02708
  38    0.1390        3.5753        0.0000       39.8519       39.8519      36.276616       0.03263
  37    0.2720        3.5753        0.0000       39.8513       39.8513      36.276022       0.03773
  36    0.5150        3.5753        0.0000       39.8501       39.8501      36.274841       0.04100
  35    0.9510        3.5753        0.0000       39.8479       39.8479      36.272622       0.04295
  34     1.290        3.5753        0.0000       39.8461       39.8462      36.270889       0.04315
  33     1.760        3.5753        0.0000       39.8438       39.8438      36.268523       0.04248
  32     2.410        3.5753        0.0001       39.8405       39.8406      36.265293       0.04193
  31     3.330        3.5753        0.0001       39.8361       39.8362      36.260920       0.04011
  30     4.640        3.5752        0.0001       39.8300       39.8302      36.254933       0.03857
  29     6.520        3.5752        0.0002       39.8216       39.8218      36.246589       0.03746
  28     9.300        3.5752        0.0003       39.8098       39.8101      36.234903       0.03548
  27     13.20        3.5751        0.0004       39.7935       39.7939      36.218801       0.03484
  26     19.07        3.5750        0.0005       39.7716       39.7721      36.197127       0.03116
  25     27.70        3.5749        0.0008       39.7427       39.7434      36.168534       0.02796
  24     32.20        3.5749        0.0009       39.7290       39.7298      36.154964       0.02545
  23     37.60        3.5748        0.0010       39.7139       39.7150      36.140152       0.02315
  22     43.70        3.5748        0.0012       39.6977       39.6989      36.124151       0.02214
  21     51.00        3.5747        0.0014       39.6802       39.6816      36.106911       0.01993
  20     59.50        3.5746        0.0016       39.6612       39.6628      36.088133       0.01864
  19     69.50        3.5746        0.0019       39.6403       39.6422      36.067567       0.01736
  18     81.20        3.5745        0.0022       39.6172       39.6194      36.044857       0.01638
  17     95.00        3.5745        0.0026       39.5911       39.5937      36.019234       0.01567
  16     111.0        3.5744        0.0030       39.5614       39.5644      35.989970       0.01543
  15     130.0        3.5743        0.0035       39.5273       39.5308      35.956522       0.01486
  14     153.0        3.5743        0.0041       39.4819       39.4860      35.911717       0.01644
  13     179.0        3.5742        0.0048       39.4104       39.4152      35.840972       0.02296
  12     209.0        3.5741        0.0056       39.2462       39.2518      35.677634       0.04595
  11     243.0        3.5742        0.0064       38.8066       38.8130      35.238801       0.10892
  10     281.0        3.5744        0.0072       37.7711       37.7783      34.203952       0.22982
   9     324.0        3.5749        0.0080       36.3683       36.3762      32.801373       0.27527
   8     372.0        3.5758        0.0088       34.8519       34.8606      31.284859       0.26663
   7     426.0        3.5773        0.0095       32.9665       32.9760      29.398721       0.29477
   6     487.0        3.5799        0.0101       30.8251       30.8352      27.255355       0.29653
   5     554.0        3.5843        0.0108       28.6032       28.6140      25.029692       0.28034
   4     628.0        3.5928        0.0114       26.3413       26.3527      22.759845       0.25886
   3     710.0        3.6105        0.0120       24.3042       24.3162      20.705677       0.21141
   2     802.0        3.6489        0.0128       22.6799       22.6927      19.043807       0.15244
   1     902.0        3.7373        0.0136       21.2911       21.3047      17.567373       0.12460
   0    1013.0        3.9748        0.0143       19.8597       19.8740      15.899235       0.12683



 Wavenumbers:  6150. -  7700. cm-1, ATM      1
 LEVEL PRESSURE   UPWARD FLUX   DIFDOWN FLUX  DIRDOWN FLUX  DOWNWARD FLUX   NET FLUX    HEATING RATE
          mb          W/m2          W/m2          W/m2        W/m2          W/m2       degree/day
  47   .000061        5.3938        0.0000       73.7087       73.7087      68.314863       0.00000
  46   .000117        5.3938        0.0000       73.7087       73.7087      68.314863       0.00609
  45   .000258        5.3938        0.0000       73.7087       73.7087      68.314863       0.00890
  44   .000625        5.3938        0.0000       73.7087       73.7087      68.314863       0.01264
  43   .001640        5.3938        0.0000       73.7087       73.7087      68.314861       0.01643
  42   .004480        5.3938        0.0000       73.7086       73.7086      68.314854       0.02040
  41    .01200        5.3938        0.0000       73.7086       73.7086      68.314831       0.02568
  40    .03000        5.3938        0.0000       73.7085       73.7086      68.314763       0.03201
  39    .06700        5.3938        0.0000       73.7084       73.7084      68.314590       0.03939
  38    0.1390        5.3938        0.0000       73.7080       73.7080      68.314204       0.04530
  37    0.2720        5.3938        0.0000       73.7071       73.7072      68.313402       0.05086
  36    0.5150        5.3937        0.0001       73.7055       73.7056      68.311836       0.05439
  35    0.9510        5.3937        0.0001       73.7025       73.7026      68.308910       0.05663
  34     1.290        5.3937        0.0001       73.7001       73.7003      68.306627       0.05683
  33     1.760        5.3936        0.0002       73.6969       73.6971      68.303508       0.05601
  32     2.410        5.3936        0.0003       73.6925       73.6928      68.299236       0.05547
  31     3.330        5.3935        0.0004       73.6865       73.6869      68.293409       0.05345
  30     4.640        5.3933        0.0005       73.6782       73.6787      68.285373       0.05177
  29     6.520        5.3932        0.0007       73.6665       73.6673      68.274103       0.05059
  28     9.300        5.3929        0.0010       73.6500       73.6511      68.258176       0.04835
  27     13.20        5.3925        0.0015       73.6269       73.6284      68.235913       0.04817
  26     19.07        5.3920        0.0022       73.5951       73.5972      68.205263       0.04407
  25     27.70        5.3911        0.0031       73.5516       73.5547      68.163555       0.04079
  24     32.20        5.3907        0.0036       73.5303       73.5340      68.143257       0.03807
  23     37.60        5.3902        0.0042       73.5067       73.5109      68.120725       0.03521
  22     43.70        5.3896        0.0049       73.4806       73.4855      68.095922       0.03431
  21     51.00        5.3889        0.0057       73.4519       73.4576      68.068677       0.03150
  20     59.50        5.3881        0.0067       73.4199       73.4266      68.038483       0.02998
  19     69.50        5.3872        0.0078       73.3842       73.3921      68.004899       0.02834
  18     81.20        5.3860        0.0091       73.3441       73.3532      67.967196       0.02719
  17     95.00        5.3847        0.0107       73.2983       73.3090      67.924231       0.02627
  16     111.0        5.3832        0.0125       73.2454       73.2579      67.874672       0.02614
  15     130.0        5.3814        0.0146       73.1842       73.1987      67.817343       0.02546
  14     153.0        5.3793        0.0170       73.1039       73.1209      67.741597       0.02779
  13     179.0        5.3769        0.0199       72.9817       73.0016      67.624761       0.03792
  12     209.0        5.3741        0.0232       72.7118       72.7349      67.360842       0.07424
  11     243.0        5.3711        0.0267       72.0469       72.0735      66.702423       0.16343
  10     281.0        5.3681        0.0302       70.6259       70.6561      65.287935       0.31413
   9     324.0        5.3655        0.0336       68.3040       68.3376      62.972135       0.45450
   8     372.0        5.3635        0.0370       65.6247       65.6617      60.298204       0.47012
   7     426.0        5.3629        0.0403       62.4744       62.5147      57.151780       0.49172
   6     487.0        5.3649        0.0431       58.6579       58.7009      53.335997       0.52790
   5     554.0        5.3721        0.0455       54.4465       54.4920      49.119959       0.53104
   4     628.0        5.3908        0.0474       49.7590       49.8064      44.415621       0.53649
   3     710.0        5.4350        0.0487       44.8369       44.8855      39.450487       0.51099
   2     802.0        5.5355        0.0495       40.0344       40.0839      34.548337       0.44967
   1     902.0        5.7657        0.0500       35.6076       35.6576      29.891960       0.39296
   0    1013.0        6.3601        0.0507       31.7501       31.8007      25.440593       0.33843



 Wavenumbers:  7700. -  8050. cm-1, ATM      1
 LEVEL PRESSURE   UPWARD FLUX   DIFDOWN FLUX  DIRDOWN FLUX  DOWNWARD FLUX   NET FLUX    HEATING RATE
          mb          W/m2          W/m2          W/m2        W/m2          W/m2       degree/day
  47   .000061        2.8641        0.0000       17.4195       17.4195      14.555454       0.00000
  46   .000117        2.8641        0.0000       17.4195       17.4195      14.555454       0.01026
  45   .000258        2.8641        0.0000       17.4195       17.4195      14.555454       0.01143
  44   .000625        2.8641        0.0000       17.4195       17.4195      14.555454       0.01283
  43   .001640        2.8641        0.0000       17.4195       17.4195      14.555452       0.01374
  42   .004480        2.8641        0.0000       17.4195       17.4195      14.555447       0.01435
  41    .01200        2.8641        0.0000       17.4195       17.4195      14.555434       0.01487
  40    .03000        2.8641        0.0000       17.4195       17.4195      14.555402       0.01488
  39    .06700        2.8641        0.0000       17.4194       17.4194      14.555336       0.01518
  38    0.1390        2.8641        0.0000       17.4193       17.4193      14.555207       0.01512
  37    0.2720        2.8641        0.0000       17.4191       17.4191      14.554968       0.01516
  36    0.5150        2.8642        0.0000       17.4187       17.4187      14.554534       0.01507
  35    0.9510        2.8642        0.0000       17.4179       17.4180      14.553750       0.01516
  34     1.290        2.8643        0.0001       17.4174       17.4174      14.553144       0.01510
  33     1.760        2.8643        0.0001       17.4166       17.4167      14.552309       0.01498
  32     2.410        2.8644        0.0001       17.4155       17.4156      14.551144       0.01513
  31     3.330        2.8646        0.0002       17.4139       17.4141      14.549503       0.01505
  30     4.640        2.8648        0.0002       17.4117       17.4119      14.547172       0.01502
  29     6.520        2.8650        0.0003       17.4086       17.4089      14.543830       0.01500
  28     9.300        2.8654        0.0004       17.4040       17.4044      14.538980       0.01472
  27     13.20        2.8660        0.0006       17.3973       17.3980      14.531925       0.01527
  26     19.07        2.8669        0.0009       17.3876       17.3885      14.521609       0.01483
  25     27.70        2.8682        0.0013       17.3733       17.3746      14.506434       0.01484
  24     32.20        2.8688        0.0015       17.3658       17.3674      14.498533       0.01482
  23     37.60        2.8696        0.0018       17.3571       17.3589      14.489300       0.01443
  22     43.70        2.8705        0.0021       17.3470       17.3491      14.478517       0.01492
  21     51.00        2.8716        0.0024       17.3351       17.3376      14.465928       0.01455
  20     59.50        2.8729        0.0028       17.3213       17.3241      14.451211       0.01461
  19     69.50        2.8744        0.0033       17.3051       17.3084      14.434002       0.01452
  18     81.20        2.8762        0.0038       17.2862       17.2901      14.413883       0.01451
  17     95.00        2.8783        0.0045       17.2642       17.2687      14.390371       0.01438
  16     111.0        2.8808        0.0052       17.2385       17.2438      14.362984       0.01445
  15     130.0        2.8837        0.0061       17.2088       17.2149      14.331179       0.01413
  14     153.0        2.8872        0.0071       17.1742       17.1814      14.294143       0.01359
  13     179.0        2.8914        0.0083       17.1341       17.1425      14.251104       0.01397
  12     209.0        2.8962        0.0097       17.0886       17.0983      14.202080       0.01379
  11     243.0        2.9018        0.0113       17.0377       17.0490      14.147173       0.01363
  10     281.0        2.9083        0.0130       16.9811       16.9941      14.085819       0.01363
   9     324.0        2.9158        0.0149       16.9181       16.9331      14.017302       0.01345
   8     372.0        2.9245        0.0171       16.8483       16.8653      13.940831       0.01344
   7     426.0        2.9348        0.0195       16.7705       16.7900      13.855204       0.01338
   6     487.0        2.9470        0.0221       16.6835       16.7056      13.758636       0.01336
   5     554.0        2.9616        0.0250       16.5855       16.6104      13.648849       0.01383
   4     628.0        2.9798        0.0281       16.4724       16.5006      13.520822       0.01460
   3     710.0        3.0033        0.0316       16.3375       16.3690      13.365730       0.01596
   2     802.0        3.0353        0.0352       16.1702       16.2054      13.170138       0.01794
   1     902.0        3.0807        0.0391       15.9577       15.9968      12.916123       0.02144
   0    1013.0        3.1464        0.0431       15.6890       15.7321      12.585696       0.02512



 Wavenumbers:  8050. - 12850. cm-1, ATM      1
 LEVEL PRESSURE   UPWARD FLUX   DIFDOWN FLUX  DIRDOWN FLUX  DOWNWARD FLUX   NET FLUX    HEATING RATE
          mb          W/m2          W/m2          W/m2        W/m2          W/m2       degree/day
  47   .000061       35.3736        0.0000      243.8866      243.8866     208.512963       0.00000
  46   .000117       35.3736        0.0000      243.8866      243.8866     208.512963       0.00000
  45   .000258       35.3736        0.0000      243.8866      243.8866     208.512963       0.00000
  44   .000625       35.3736        0.0000      243.8866      243.8866     208.512963       0.00000
  43   .001640       35.3736        0.0000      243.8866      243.8866     208.512963       0.00000
  42   .004480       35.3736        0.0000      243.8866      243.8866     208.512963       0.00000
  41    .01200       35.3736        0.0000      243.8865      243.8866     208.512963       0.00000
  40    .03000       35.3736        0.0001      243.8865      243.8865     208.512963       0.00000
  39    .06700       35.3735        0.0002      243.8863      243.8865     208.512963       0.00000
  38    0.1390       35.3734        0.0003      243.8860      243.8864     208.512963       0.00000
  37    0.2720       35.3732        0.0006      243.8855      243.8861     208.512963       0.00000
  36    0.5150       35.3728        0.0012      243.8846      243.8857     208.512963       0.00000
  35    0.9510       35.3721        0.0022      243.8828      243.8850     208.512963       0.00000
  34     1.290       35.3715        0.0030      243.8815      243.8845     208.512963       0.00000
  33     1.760       35.3707        0.0040      243.8797      243.8837     208.512963       0.00000
  32     2.410       35.3697        0.0055      243.8771      243.8826     208.512963       0.00000
  31     3.330       35.3682        0.0076      243.8735      243.8811     208.512963       0.00000
  30     4.640       35.3660        0.0106      243.8683      243.8790     208.512963       0.00000
  29     6.520       35.3629        0.0149      243.8609      243.8759     208.512963       0.00000
  28     9.300       35.3584        0.0212      243.8502      243.8714     208.512963       0.00000
  27     13.20       35.3519        0.0303      243.8346      243.8649     208.512963       0.00000
  26     19.07       35.3424        0.0436      243.8117      243.8553     208.512963       0.00000
  25     27.70       35.3283        0.0633      243.7779      243.8412     208.512963       0.00000
  24     32.20       35.3209        0.0736      243.7603      243.8339     208.512963       0.00000
  23     37.60       35.3123        0.0856      243.7396      243.8252     208.512963       0.00000
  22     43.70       35.3022        0.0997      243.7154      243.8151     208.512963       0.00000
  21     51.00       35.2903        0.1162      243.6871      243.8033     208.512963       0.00000
  20     59.50       35.2764        0.1355      243.6539      243.7894     208.512963       0.00000
  19     69.50       35.2601        0.1582      243.6149      243.7731     208.512963       0.00000
  18     81.20       35.2410        0.1849      243.5691      243.7540     208.512963       0.00000
  17     95.00       35.2185        0.2162      243.5152      243.7315     208.512963       0.00000
  16     111.0       35.1922        0.2529      243.4468      243.6997     208.507558       0.00285
  15     130.0       35.1614        0.2958      243.3667      243.6625     208.501060       0.00289
  14     153.0       35.1253        0.3461      243.2708      243.6169     208.491605       0.00347
  13     179.0       35.0829        0.4051      243.1525      243.5576     208.474651       0.00550
  12     209.0       35.0343        0.4729      242.9861      243.4591     208.424739       0.01404
  11     243.0       34.9797        0.5493      242.6715      243.2208     208.241102       0.04558
  10     281.0       34.9194        0.6346      242.0123      242.6469     207.727480       0.11407
   9     324.0       34.8544        0.7294      240.9530      241.6824     206.828064       0.17652
   8     372.0       34.7856        0.8342      239.5755      240.4098     205.624167       0.21166
   7     426.0       34.7162        0.9490      237.6959      238.6449     203.928676       0.26497
   6     487.0       34.6518        1.0732      235.0548      236.1279     201.476133       0.33930
   5     554.0       34.6024        1.2061      231.4678      232.6739     198.071486       0.42884
   4     628.0       34.5965        1.3441      226.3529      227.6970     193.100504       0.56690
   3     710.0       34.6931        1.4832      219.2521      220.7352     186.042156       0.72642
   2     802.0       35.0174        1.6189      210.1310      211.7499     176.732462       0.85398
   1     902.0       35.8403        1.7468      199.2339      200.9807     165.140375       0.97827
   0    1013.0       37.8462        1.8688      187.3622      189.2309     151.384759       1.04582



 Wavenumbers: 12850. - 16000. cm-1, ATM      1
 LEVEL PRESSURE   UPWARD FLUX   DIFDOWN FLUX  DIRDOWN FLUX  DOWNWARD FLUX   NET FLUX    HEATING RATE
          mb          W/m2          W/m2          W/m2        W/m2          W/m2       degree/day
  47   .000061       28.5189        0.0000      152.8166      152.8166     124.297707       0.00000
  46   .000117       28.5189        0.0000      152.8166      152.8166     124.297705       0.39565
  45   .000258       28.5189        0.0000      152.8166      152.8166     124.297697       0.45391
  44   .000625       28.5189        0.0000      152.8166      152.8166     124.297674       0.52483
  43   .001640       28.5189        0.0000      152.8165      152.8165     124.297606       0.56926
  42   .004480       28.5189        0.0000      152.8163      152.8163     124.297409       0.58514
  41    .01200       28.5189        0.0001      152.8157      152.8157     124.296890       0.58187
  40    .03000       28.5188        0.0001      152.8143      152.8145     124.295676       0.56944
  39    .06700       28.5187        0.0003      152.8115      152.8118     124.293138       0.57895
  38    0.1390       28.5185        0.0007      152.8060      152.8067     124.288191       0.57979
  37    0.2720       28.5183        0.0014      152.7959      152.7973     124.279028       0.58142
  36    0.5150       28.5180        0.0026      152.7782      152.7807     124.262767       0.56473
  35    0.9510       28.5179        0.0048      152.7478      152.7526     124.234645       0.54433
  34     1.290       28.5183        0.0064      152.7252      152.7317     124.213369       0.52964
  33     1.760       28.5194        0.0088      152.6947      152.7035     124.184081       0.52589
  32     2.410       28.5220        0.0120      152.6516      152.6637     124.141662       0.55074
  31     3.330       28.5277        0.0166      152.5882      152.6048     124.077145       0.59181
  30     4.640       28.5383        0.0231      152.4936      152.5167     123.978327       0.63660
  29     6.520       28.5554        0.0323      152.3569      152.3892     123.833794       0.64879
  28     9.300       28.5790        0.0458      152.1690      152.2148     123.635822       0.60098
  27     13.20       28.6081        0.0654      151.9221      151.9875     123.379390       0.55489
  26     19.07       28.6424        0.0939      151.6000      151.6940     123.051573       0.47129
  25     27.70       28.6797        0.1359      151.1861      151.3220     122.642307       0.40022
  24     32.20       28.6932        0.1578      150.9973      151.1551     122.461881       0.33836
  23     37.60       28.7039        0.1834      150.7994      150.9829     122.279006       0.28580
  22     43.70       28.7116        0.2134      150.5895      150.8029     122.091254       0.25975
  21     51.00       28.7156        0.2484      150.3675      150.6159     121.900301       0.22075
  20     59.50       28.7148        0.2894      150.1326      150.4220     121.707126       0.19179
  19     69.50       28.7075        0.3375      149.8880      150.2255     121.517997       0.15961
  18     81.20       28.6904        0.3939      149.6412      150.0352     121.344760       0.12495
  17     95.00       28.6627        0.4602      149.3896      149.8499     121.187185       0.09636
  16     111.0       28.6300        0.5381      149.1175      149.6556     121.025617       0.08522
  15     130.0       28.5884        0.6291      148.8182      149.4473     120.858820       0.07409
  14     153.0       28.5366        0.7355      148.4837      149.2192     120.682606       0.06466
  13     179.0       28.4711        0.8600      148.1114      148.9714     120.500315       0.05917
  12     209.0       28.3903        1.0027      147.7015      148.7041     120.313858       0.05245
  11     243.0       28.2958        1.1634      147.2436      148.4070     120.111226       0.05030
  10     281.0       28.1870        1.3435      146.7260      148.0696     119.882528       0.05079
   9     324.0       28.0641        1.5446      146.1350      147.6796     119.615594       0.05239
   8     372.0       27.9270        1.7681      145.4594      147.2275     119.300513       0.05540
   7     426.0       27.7764        2.0155      144.6841      146.6996     118.923289       0.05895
   6     487.0       27.6135        2.2884      143.7862      146.0746     118.461111       0.06394
   5     554.0       27.4415        2.5879      142.7345      145.3224     117.880902       0.07308
   4     628.0       27.2714        2.9138      141.4499      144.3637     117.092271       0.08994
   3     710.0       27.1206        3.2637      139.8396      143.1033     115.982739       0.11419
   2     802.0       27.0235        3.6330      137.7815      141.4146     114.391071       0.14600
   1     902.0       27.0445        4.0163      135.1560      139.1723     112.127761       0.19100
   0    1013.0       27.2800        4.4113      131.9887      136.4000     109.119985       0.22868



 Wavenumbers: 16000. - 22650. cm-1, ATM      1
 LEVEL PRESSURE   UPWARD FLUX   DIFDOWN FLUX  DIRDOWN FLUX  DOWNWARD FLUX   NET FLUX    HEATING RATE
          mb          W/m2          W/m2          W/m2        W/m2          W/m2       degree/day
  47   .000061       58.7554        0.0000      243.6490      243.6490     184.893619       0.00000
  46   .000117       58.7554        0.0000      243.6490      243.6490     184.893619       0.02119
  45   .000258       58.7554        0.0000      243.6490      243.6490     184.893618       0.05262
  44   .000625       58.7554        0.0000      243.6489      243.6490     184.893614       0.09604
  43   .001640       58.7553        0.0000      243.6489      243.6489     184.893599       0.12347
  42   .004480       58.7553        0.0001      243.6487      243.6489     184.893563       0.10764
  41    .01200       58.7552        0.0004      243.6483      243.6487     184.893514       0.05410
  40    .03000       58.7549        0.0009      243.6474      243.6483     184.893447       0.03169
  39    .06700       58.7543        0.0020      243.6455      243.6475     184.893232       0.04898
  38    0.1390       58.7532        0.0042      243.6414      243.6456     184.892386       0.09918
  37    0.2720       58.7516        0.0082      243.6330      243.6412     184.889620       0.17547
  36    0.5150       58.7491        0.0155      243.6158      243.6313     184.882187       0.25817
  35    0.9510       58.7461        0.0287      243.5798      243.6084     184.862307       0.38478
  34     1.290       58.7451        0.0389      243.5476      243.5864     184.841299       0.52299
  33     1.760       58.7456        0.0529      243.4973      243.5502     184.804597       0.65901
  32     2.410       58.7499        0.0724      243.4154      243.4879     184.737982       0.86489
  31     3.330       58.7625        0.1000      243.2791      243.3791     184.616592       1.11350
  30     4.640       58.7888        0.1391      243.0578      243.1969     184.408078       1.34327
  29     6.520       58.8325        0.1951      242.7224      242.9175     184.085005       1.45025
  28     9.300       58.8920        0.2762      242.2500      242.5262     183.634222       1.36843
  27     13.20       58.9615        0.3941      241.6206      242.0146     183.053150       1.25737
  26     19.07       59.0360        0.5661      240.7918      241.3579     182.321901       1.05130
  25     27.70       59.1027        0.8188      239.7152      240.5341     181.431321       0.87088
  24     32.20       59.1179        0.9504      239.2183      240.1686     181.050699       0.71381
  23     37.60       59.1190        1.1041      238.6909      239.7950     180.676020       0.58555
  22     43.70       59.1046        1.2837      238.1239      239.4075     180.302911       0.51618
  21     51.00       59.0712        1.4934      237.5141      239.0075     179.936315       0.42380
  20     59.50       59.0144        1.7388      236.8553      238.5941     179.579632       0.35413
  19     69.50       58.9267        2.0259      236.1496      238.1756     179.248832       0.27917
  18     81.20       58.7962        2.3622      235.4079      237.7701     178.973964       0.19826
  17     95.00       58.6178        2.7560      234.6157      237.3716     178.753841       0.13461
  16     111.0       58.3961        3.2150      233.7305      236.9455     178.549414       0.10782
  15     130.0       58.1277        3.7485      232.7268      236.4753     178.347636       0.08962
  14     153.0       57.8042        4.3703      231.5790      235.9493     178.145142       0.07430
  13     179.0       57.4116        5.0935      230.2793      235.3727     177.961120       0.05973
  12     209.0       56.9448        5.9178      228.8376      234.7555     177.810693       0.04232
  11     243.0       56.4070        6.8401      227.2461      234.0862     177.679139       0.03265
  10     281.0       55.7925        7.8663      225.4909      233.3572     177.564663       0.02542
   9     324.0       55.0956        9.0023      223.5548      232.5571     177.461538       0.02024
   8     372.0       54.3104       10.2539      221.4183      231.6723     177.361894       0.01752
   7     426.0       53.4294       11.6259      219.0672      230.6931     177.263645       0.01535
   6     487.0       52.4436       13.1240      216.4829      229.6069     177.163228       0.01389
   5     554.0       51.3437       14.7525      213.6468      228.3993     177.055673       0.01355
   4     628.0       50.1224       16.5121      210.5373      227.0494     176.926951       0.01468
   3     710.0       48.7734       18.4011      207.1293      225.5305     176.757074       0.01748
   2     802.0       47.2913       20.4171      203.3855      223.8026     176.511272       0.02255
   1     902.0       45.6717       22.5566      199.2538      221.8104     176.138690       0.03144
   0    1013.0       43.9055       24.8148      194.7127      219.5276     175.622051       0.03928



 Wavenumbers: 22650. - 29000. cm-1, ATM      1
 LEVEL PRESSURE   UPWARD FLUX   DIFDOWN FLUX  DIRDOWN FLUX  DOWNWARD FLUX   NET FLUX    HEATING RATE
          mb          W/m2          W/m2          W/m2        W/m2          W/m2       degree/day
  47   .000061       31.3050        0.0000       91.9446       91.9446      60.639648       0.00000
  46   .000117       31.3050        0.0000       91.9446       91.9446      60.639648       0.00000
  45   .000258       31.3050        0.0000       91.9446       91.9446      60.639648       0.00000
  44   .000625       31.3050        0.0000       91.9446       91.9446      60.639648       0.00000
  43   .001640       31.3049        0.0001       91.9445       91.9446      60.639648       0.00000
  42   .004480       31.3049        0.0002       91.9444       91.9445      60.639648       0.00000
  41    .01200       31.3048        0.0004       91.9440       91.9444      60.639648       0.00000
  40    .03000       31.3045        0.0010       91.9431       91.9441      60.639648       0.00000
  39    .06700       31.3039        0.0023       91.9413       91.9436      60.639648       0.00000
  38    0.1390       31.3028        0.0048       91.9376       91.9424      60.639648       0.00000
  37    0.2720       31.3007        0.0094       91.9309       91.9403      60.639648       0.00000
  36    0.5150       31.2968        0.0177       91.9188       91.9365      60.639648       0.00000
  35    0.9510       31.2899        0.0328       91.8968       91.9296      60.639648       0.00000
  34     1.290       31.2846        0.0444       91.8798       91.9243      60.639648       0.00000
  33     1.760       31.2773        0.0605       91.8564       91.9169      60.639648       0.00000
  32     2.410       31.2670        0.0829       91.8238       91.9066      60.639648       0.00000
  31     3.330       31.2525        0.1144       91.7778       91.8922      60.639648       0.00000
  30     4.640       31.2319        0.1591       91.7125       91.8716      60.639648       0.00000
  29     6.520       31.2024        0.2232       91.6189       91.8421      60.639648       0.00000
  28     9.300       31.1596        0.3161       91.4831       91.7992      60.639648       0.00000
  27     13.20       31.0971        0.4511       91.2857       91.7368      60.639648       0.00000
  26     19.07       31.0055        0.6480       90.9972       91.6452      60.639648       0.00000
  25     27.70       30.8703        0.9368       90.5732       91.5100      60.639648       0.00000
  24     32.20       30.7997        1.0867       90.3526       91.4394      60.639648       0.00000
  23     37.60       30.7170        1.2616       90.0950       91.3566      60.639648       0.00000
  22     43.70       30.6200        1.4653       89.7944       91.2597      60.639648       0.00000
  21     51.00       30.5065        1.7023       89.4438       91.1461      60.639648       0.00000
  20     59.50       30.3732        1.9785       89.0343       91.0129      60.639648       0.00000
  19     69.50       30.2167        2.3001       88.5562       90.8563      60.639648       0.00000
  18     81.20       30.0327        2.6742       87.9981       90.6723      60.639648       0.00000
  17     95.00       29.8163        3.1088       87.3472       90.4560      60.639648       0.00000
  16     111.0       29.5625        3.6113       86.5909       90.2022      60.639648       0.00000
  15     130.0       29.2654        4.1898       85.7152       89.9050      60.639648       0.00000
  14     153.0       28.9161        4.8564       84.6994       89.5557      60.639648       0.00000
  13     179.0       28.5058        5.6211       83.5244       89.1455      60.639648       0.00000
  12     209.0       28.0330        6.4787       82.1940       88.6727      60.639648       0.00000
  11     243.0       27.4972        7.4204       80.7165       88.1369      60.639648       0.00000
  10     281.0       26.8923        8.4461       79.0858       87.5319      60.639648       0.00000
   9     324.0       26.2114        9.5545       77.2965       86.8510      60.639648       0.00000
   8     372.0       25.4470       10.7424       75.3442       86.0867      60.639648       0.00000
   7     426.0       24.5913       12.0042       73.2268       85.2310      60.639648       0.00000
   6     487.0       23.6346       13.3331       70.9412       84.2743      60.639648       0.00000
   5     554.0       22.5667       14.7188       68.4875       83.2063      60.639648       0.00000
   4     628.0       21.3777       16.1469       65.8704       82.0173      60.639648       0.00000
   3     710.0       20.0570       17.5980       63.0987       80.6967      60.639648       0.00000
   2     802.0       18.5919       19.0535       60.1780       79.2316      60.639648       0.00000
   1     902.0       16.9655       20.4888       57.1164       77.6052      60.639648       0.00000
   0    1013.0       15.1599       21.8753       53.9243       75.7996      60.639648       0.00000



 Wavenumbers: 29000. - 38000. cm-1, ATM      1
 LEVEL PRESSURE   UPWARD FLUX   DIFDOWN FLUX  DIRDOWN FLUX  DOWNWARD FLUX   NET FLUX    HEATING RATE
          mb          W/m2          W/m2          W/m2        W/m2          W/m2       degree/day
  47   .000061        6.6014        0.0000       32.4237       32.4237      25.822221       0.00000
  46   .000117        6.6014        0.0000       32.4237       32.4237      25.822215       0.87013
  45   .000258        6.6014        0.0000       32.4236       32.4236      25.822180       2.14725
  44   .000625        6.6014        0.0000       32.4234       32.4234      25.822010       3.89929
  43   .001640        6.6014        0.0000       32.4228       32.4228      25.821409       4.99619
  42   .004480        6.6014        0.0001       32.4212       32.4213      25.819945       4.35060
  41    .01200        6.6012        0.0003       32.4189       32.4192      25.817995       2.18830
  40    .03000        6.6009        0.0008       32.4153       32.4161      25.815252       1.28621
  39    .06700        6.6002        0.0019       32.4048       32.4067      25.806495       1.99720
  38    0.1390        6.5990        0.0039       32.3670       32.3709      25.771913       4.05343
  37    0.2720        6.5970        0.0075       32.2494       32.2569      25.659906       7.10709
  36    0.5150        6.5940        0.0140       31.9501       31.9641      25.370150      10.06292
  35    0.9510        6.5901        0.0249       31.2393       31.2642      24.674080      13.47301
  34     1.290        6.5885        0.0326       30.6023       30.6349      24.046485      15.62350
  33     1.760        6.5878        0.0424       29.7026       29.7450      23.157196      15.96775
  32     2.410        6.5899        0.0549       28.5268       28.5817      21.991786      15.13087
  31     3.330        6.5980        0.0712       27.1640       27.2352      20.637234      12.42528
  30     4.640        6.6161        0.0928       25.7390       25.8319      19.215778       9.15715
  29     6.520        6.6472        0.1224       24.3377       24.4600      17.812763       6.29801
  28     9.300        6.6919        0.1636       23.0295       23.1931      16.501197       3.98147
  27     13.20        6.7493        0.2218       21.8274       22.0491      15.299855       2.59956
  26     19.07        6.8218        0.3037       20.6856       20.9894      14.167614       1.62779
  25     27.70        6.9110        0.4201       19.5832       20.0033      13.092348       1.05149
  24     32.20        6.9480        0.4797       19.1629       19.6426      12.694591       0.74594
  23     37.60        6.9816        0.5490       18.7617       19.3107      12.329057       0.57126
  22     43.70        7.0121        0.6293       18.3682       18.9975      11.985461       0.47535
  21     51.00        7.0376        0.7224       17.9798       18.7021      11.664513       0.37103
  20     59.50        7.0567        0.8303       17.5921       18.4224      11.365708       0.29667
  19     69.50        7.0643        0.9555       17.2070       18.1624      11.098143       0.22580
  18     81.20        7.0519        1.1021       16.8326       17.9347      10.882751       0.15536
  17     95.00        7.0172        1.2733       16.4586       17.7318      10.714649       0.10280
  16     111.0        6.9654        1.4708       16.0615       17.5323      10.566881       0.07794
  15     130.0        6.8977        1.6861       15.6282       17.3143      10.416618       0.06674
  14     153.0        6.8134        1.9365       15.1510       17.0875      10.274066       0.05230
  13     179.0        6.7049        2.2194       14.6330       16.8523      10.147443       0.04110
  12     209.0        6.5681        2.5296       14.0831       16.6127      10.044579       0.02894
  11     243.0        6.4063        2.8612       13.5005       16.3617       9.955394       0.02214
  10     281.0        6.2176        3.2119       12.8849       16.0968       9.879253       0.01691
   9     324.0        6.0005        3.5769       12.2361       15.8130       9.812569       0.01309
   8     372.0        5.7540        3.9502       11.5545       15.5047       9.750676       0.01088
   7     426.0        5.4756        4.3260       10.8432       15.1692       9.693600       0.00892
   6     487.0        5.1620        4.6962       10.1068       14.8030       9.641024       0.00727
   5     554.0        4.8100        5.0526        9.3501       14.4027       9.592667       0.00609
   4     628.0        4.4167        5.3844        8.5797       13.9641       9.547333       0.00517
   3     710.0        3.9787        5.6798        7.8037       13.4836       9.504810       0.00438
   2     802.0        3.4918        5.9269        7.0303       12.9571       9.465347       0.00362
   1     902.0        2.9504        6.1144        6.2648       12.3791       9.428723       0.00309
   0    1013.0        2.3487        6.2258        5.5176       11.7434       9.394728       0.00258



 Wavenumbers: 38000. - 50000. cm-1, ATM      1
 LEVEL PRESSURE   UPWARD FLUX   DIFDOWN FLUX  DIRDOWN FLUX  DOWNWARD FLUX   NET FLUX    HEATING RATE
          mb          W/m2          W/m2          W/m2        W/m2          W/m2       degree/day
  47   .000061        0.0087        0.0000        2.0000        2.0000       1.991343       0.00000
  46   .000117        0.0087        0.0000        2.0000        2.0000       1.991339       0.61622
  45   .000258        0.0087        0.0000        2.0000        2.0000       1.991318       1.26640
  44   .000625        0.0087        0.0000        1.9999        1.9999       1.991223       2.17408
  43   .001640        0.0087        0.0000        1.9995        1.9995       1.990893       2.74665
  42   .004480        0.0086        0.0000        1.9987        1.9987       1.990074       2.43305
  41    .01200        0.0086        0.0001        1.9974        1.9975       1.988865       1.35726
  40    .03000        0.0085        0.0002        1.9952        1.9954       1.986924       0.90958
  39    .06700        0.0083        0.0004        1.9893        1.9897       1.981410       1.25787
  38    0.1390        0.0079        0.0008        1.9693        1.9702       1.962211       2.25022
  37    0.2720        0.0074        0.0016        1.9099        1.9114       1.904080       3.68858
  36    0.5150        0.0064        0.0027        1.7653        1.7681       1.761629       4.94718
  35    0.9510        0.0051        0.0040        1.4518        1.4558       1.450621       6.01982
  34     1.290        0.0044        0.0043        1.2033        1.2077       1.203301       6.15684
  33     1.760        0.0035        0.0042        0.9046        0.9089       0.905345       5.34999
  32     2.410        0.0028        0.0038        0.6071        0.6109       0.608109       3.85910
  31     3.330        0.0021        0.0033        0.3814        0.3847       0.382533       2.06920
  30     4.640        0.0016        0.0028        0.2380        0.2409       0.239223       0.92322
  29     6.520        0.0012        0.0024        0.1470        0.1494       0.148156       0.40879
  28     9.300        0.0008        0.0019        0.0881        0.0900       0.089184       0.17902
  27     13.20        0.0005        0.0014        0.0484        0.0498       0.049296       0.08631
  26     19.07        0.0003        0.0009        0.0227        0.0236       0.023277       0.03741
  25     27.70        0.0001        0.0004        0.0086        0.0090       0.008861       0.01410
  24     32.20        0.0001        0.0003        0.0054        0.0057       0.005654       0.00601
  23     37.60        0.0001        0.0002        0.0033        0.0035       0.003491       0.00338
  22     43.70        0.0000        0.0001        0.0020        0.0021       0.002063       0.00198
  21     51.00        0.0000        0.0001        0.0011        0.0012       0.001160       0.00104
  20     59.50        0.0000        0.0000        0.0006        0.0006       0.000614       0.00054
  19     69.50        0.0000        0.0000        0.0003        0.0003       0.000305       0.00026
  18     81.20        0.0000        0.0000        0.0001        0.0001       0.000142       0.00012
  17     95.00        0.0000        0.0000        0.0001        0.0001       0.000061       0.00005
  16     111.0        0.0000        0.0000        0.0000        0.0000       0.000023       0.00002
  15     130.0        0.0000        0.0000        0.0000        0.0000       0.000007       0.00001
  14     153.0        0.0000        0.0000        0.0000        0.0000       0.000002       0.00000
  13     179.0        0.0000        0.0000        0.0000        0.0000       0.000000       0.00000
  12     209.0        0.0000        0.0000        0.0000        0.0000       0.000000       0.00000
  11     243.0        0.0000        0.0000        0.0000        0.0000       0.000000       0.00000
  10     281.0        0.0000        0.0000        0.0000        0.0000       0.000000       0.00000
   9     324.0        0.0000        0.0000        0.0000        0.0000       0.000000       0.00000
   8     372.0        0.0000        0.0000        0.0000        0.0000       0.000000       0.00000
   7     426.0        0.0000        0.0000        0.0000        0.0000       0.000000       0.00000
   6     487.0        0.0000        0.0000        0.0000        0.0000       0.000000       0.00000
   5     554.0        0.0000        0.0000        0.0000        0.0000       0.000000       0.00000
   4     628.0        0.0000        0.0000        0.0000        0.0000       0.000000       0.00000
   3     710.0        0.0000        0.0000        0.0000        0.0000       0.000000       0.00000
   2     802.0        0.0000        0.0000        0.0000        0.0000       0.000000       0.00000
   1     902.0        0.0000        0.0000        0.0000        0.0000       0.000000       0.00000
   0    1013.0        0.0000        0.0000        0.0000        0.0000       0.000000       0.00000



 Wavenumbers:   820. -  2600. cm-1, ATM      1
 LEVEL PRESSURE   UPWARD FLUX   DIFDOWN FLUX  DIRDOWN FLUX  DOWNWARD FLUX   NET FLUX    HEATING RATE
          mb          W/m2          W/m2          W/m2        W/m2          W/m2       degree/day
  47   .000061        0.3819        0.0000        9.3551        9.3551       8.973205       0.00000
  46   .000117        0.3819        0.0000        9.3550        9.3550       8.973132      11.11051
  45   .000258        0.3819        0.0000        9.3547        9.3547       8.972862      16.15561
  44   .000625        0.3819        0.0000        9.3542        9.3542       8.972322      12.40451
  43   .001640        0.3819        0.0000        9.3535        9.3535       8.971675       5.38595
  42   .004480        0.3819        0.0000        9.3523        9.3523       8.970433       3.68967
  41    .01200        0.3819        0.0000        9.3505        9.3505       8.968674       1.97428
  40    .03000        0.3819        0.0000        9.3493        9.3493       8.967459       0.56951
  39    .06700        0.3819        0.0000        9.3476        9.3476       8.965786       0.38160
  38    0.1390        0.3819        0.0000        9.3437        9.3437       8.961852       0.46114
  37    0.2720        0.3819        0.0000        9.3366        9.3366       8.954735       0.45158
  36    0.5150        0.3819        0.0000        9.3263        9.3263       8.944443       0.35743
  35    0.9510        0.3819        0.0000        9.3098        9.3098       8.927946       0.31931
  34     1.290        0.3819        0.0000        9.2971        9.2971       8.915253       0.31598
  33     1.760        0.3819        0.0000        9.2801        9.2801       8.898261       0.30511
  32     2.410        0.3819        0.0000        9.2573        9.2573       8.875436       0.29634
  31     3.330        0.3819        0.0000        9.2263        9.2263       8.844449       0.28425
  30     4.640        0.3819        0.0000        9.1845        9.1845       8.802666       0.26917
  29     6.520        0.3819        0.0000        9.1289        9.1289       8.746995       0.24990
  28     9.300        0.3819        0.0000        9.0545        9.0545       8.672677       0.22560
  27     13.20        0.3819        0.0000        8.9572        8.9573       8.575373       0.21056
  26     19.07        0.3819        0.0000        8.8435        8.8435       8.461664       0.16348
  25     27.70        0.3819        0.0000        8.7387        8.7387       8.356847       0.10250
  24     32.20        0.3819        0.0000        8.7046        8.7046       8.322738       0.06397
  23     37.60        0.3819        0.0000        8.6744        8.6744       8.292514       0.04724
  22     43.70        0.3819        0.0000        8.6459        8.6459       8.263958       0.03951
  21     51.00        0.3819        0.0000        8.6162        8.6162       8.234261       0.03433
  20     59.50        0.3819        0.0000        8.5829        8.5829       8.200925       0.03310
  19     69.50        0.3820        0.0000        8.5444        8.5444       8.162448       0.03247
  18     81.20        0.3820        0.0000        8.5002        8.5002       8.118271       0.03186
  17     95.00        0.3820        0.0000        8.4491        8.4492       8.067171       0.03125
  16     111.0        0.3820        0.0000        8.3896        8.3896       8.007634       0.03140
  15     130.0        0.3820        0.0000        8.3206        8.3206       7.938571       0.03068
  14     153.0        0.3821        0.0000        8.2360        8.2360       7.853953       0.03105
  13     179.0        0.3821        0.0000        8.1269        8.1269       7.744814       0.03542
  12     209.0        0.3822        0.0000        7.9540        7.9540       7.571807       0.04867
  11     243.0        0.3824        0.0000        7.6408        7.6408       7.258457       0.07778
  10     281.0        0.3827        0.0000        7.2057        7.2057       6.822989       0.09671
   9     324.0        0.3833        0.0000        6.7844        6.7844       6.401156       0.08279
   8     372.0        0.3842        0.0000        6.3265        6.3265       5.942347       0.08067
   7     426.0        0.3855        0.0000        5.7778        5.7778       5.392373       0.08595
   6     487.0        0.3873        0.0000        5.2723        5.2723       4.885042       0.07019
   5     554.0        0.3900        0.0000        4.9296        4.9297       4.539674       0.04350
   4     628.0        0.3948        0.0000        4.6508        4.6509       4.256035       0.03235
   3     710.0        0.4047        0.0000        4.2981        4.2981       3.893397       0.03732
   2     802.0        0.4255        0.0000        3.8635        3.8635       3.438062       0.04177
   1     902.0        0.4707        0.0000        3.3920        3.3920       2.921348       0.04361
   0    1013.0        0.5740        0.0000        2.8700        2.8700       2.296017       0.04754

  Modules and versions used in this calculation:

       rrtmg_sw.1col.f90:  $Revision: 30822 $            rrtmg_sw_init.f90:  $Revision: 30822 $
     rrtmgsw_cldprop.f90:  $Revision: 29812 $          rrtmgsw_cldprmc.f90:  NOT USED          
     rrtmg_sw_reftra.f90:  $Revision: 29812 $          rrtmg_sw_spcvrt.f90:  NOT USED          
     rrtmg_sw_spcvmc.f90:  NOT USED                    rrtmgsw_setcoef.f90:  NOT USED          
     rrtmg_sw_taumol.f90:  $Revision: 30822 $          rrtmg_sw_vrtqdr.f90:  NOT USED          
                rrtatm.f:  NOT USED                             util_xxx.f:  NOT USED          
                 extra.f:  NOT USED                       rrtmg_sw_k_g.f90:  $Revision: 30822 $

