

 Wavenumbers:   820. - 50000. cm-1, ATM      1
 LEVEL PRESSURE   UPWARD FLUX   DIFDOWN FLUX  DIRDOWN FLUX  DOWNWARD FLUX   NET FLUX    HEATING RATE
          mb          W/m2          W/m2          W/m2        W/m2          W/m2       degree/day
  60   .000400      250.5092        0.0000     1368.2222     1368.2222    1117.712969       0.00000
  59    .06920      250.5054        0.0078     1368.1270     1368.1348    1117.629431      10.24695
  58    .09590      250.5040        0.0108     1368.0930     1368.1038    1117.599780       9.37183
  57    0.1353      250.5021        0.0153     1368.0345     1368.0497    1117.547677      11.15994
  56    0.1908      250.4996        0.0214     1367.9371     1367.9586    1117.458989      13.48557
  55    0.2701      250.4963        0.0304     1367.7659     1367.7963    1117.299939      16.92624
  54    0.3824      250.4926        0.0427     1367.4750     1367.5177    1117.025149      20.65000
  53    0.5428      250.4884        0.0603     1366.9691     1367.0294    1116.540955      25.47493
  52    0.7717      250.4849        0.0844     1366.1226     1366.2070    1115.722067      30.19099
  51     1.095      250.4849        0.1174     1364.7098     1364.8272    1114.342300      35.99400
  50     1.558      250.4923        0.1627     1362.6269     1362.7896    1112.297333      37.33024
  49     2.226      250.5159        0.2262     1359.9158     1360.1420    1109.626033      33.71242
  48     3.186      250.5629        0.3165     1357.0469     1357.3634    1106.800467      24.83892
  47     4.573      250.6366        0.4460     1354.2805     1354.7265    1104.089882      16.49839
  46     6.560      250.7398        0.6293     1351.5327     1352.1620    1101.422179      11.33021
  45     9.467      250.8803        0.8966     1348.5714     1349.4680    1098.587733       8.22824
  44     13.65      251.0519        1.2748     1345.3748     1346.6496    1095.597673       6.02808
  43     19.56      251.2647        1.8015     1341.7528     1343.5543    1092.289571       4.72338
  42     27.95      251.5271        2.5385     1337.5203     1340.0588    1088.531687       3.77945
  41     39.56      251.7859        3.5556     1332.7500     1336.3056    1084.519637       2.91784
  40     55.97      251.9575        4.9626     1327.3572     1332.3198    1080.362281       2.13724
  39     77.74      251.8308        6.8200     1321.6639     1328.4839    1076.653094       1.43786
  38     99.38      251.4652        8.6511     1316.8360     1325.4871    1074.021861       1.02650
  37     120.7      250.9988       10.4283     1312.4489     1322.8772    1071.878418       0.84834
  36     141.5      250.4962       12.1328     1308.3725     1320.5052    1070.009074       0.75932
  35     162.8      249.9496       13.8595     1304.3247     1318.1842    1068.234634       0.70245
  34     184.3      249.3537       15.5819     1300.3850     1315.9668    1066.613128       0.63715
  33     206.3      248.6956       17.3227     1296.4780     1313.8008    1065.105185       0.57787
  32     228.8      247.9800       19.0807     1292.5215     1311.6022    1063.622143       0.55605
  31     251.9      247.2096       20.8634     1288.2825     1309.1459    1061.936269       0.61590
  30     275.3      246.3993       22.6514     1283.7647     1306.4161    1060.016783       0.69297
  29     298.8      245.5725       24.4071     1279.1255     1303.5326    1057.960146       0.73693
  28     322.5      244.7123       26.1750     1274.1979     1300.3729    1055.660628       0.81851
  27     346.4      243.8464       27.9049     1269.0497     1296.9546    1053.108262       0.90378
  26     370.2      242.9636       29.6276     1263.4945     1293.1221    1050.158497       1.04410
  25     394.2      242.0832       31.3132     1257.5489     1288.8621    1046.778914       1.19130
  24     418.0      241.2003       32.9761     1251.1586     1284.1347    1042.934405       1.36166
  23     441.8      240.3221       34.6084     1244.3589     1278.9673    1038.645112       1.52041
  22     465.7      239.4513       36.2121     1237.1558     1273.3679    1033.916615       1.66832
  21     490.0      238.5632       37.8331     1229.5987     1267.4318    1028.868566       1.75465
  20     514.3      237.6872       39.4192     1222.0403     1261.4595    1023.772304       1.76545
  19     538.8      236.8179       40.9846     1214.3704     1255.3549    1018.537092       1.80551
  18     563.4      235.9474       42.5462     1206.5330     1249.0793    1013.131809       1.85303
  17     588.1      235.0950       44.0746     1198.6896     1242.7641    1007.669145       1.86678
  16     612.9      234.2603       45.5768     1190.8022     1236.3789    1002.118614       1.89198
  15     637.7      233.4385       47.0722     1182.7353     1229.8075     996.368968       1.95819
  14     662.5      232.6497       48.5350     1174.6233     1223.1583     990.508521       1.99047
  13     687.4      231.8999       49.9659     1166.4800     1216.4459     984.545995       2.01994
  12     712.2      231.1875       51.3746     1158.3453     1209.7199     978.532408       2.04891
  11     736.9      230.5100       52.7587     1150.3995     1203.1582     972.648178       2.00638
  10     761.7      229.8732       54.1162     1142.6388     1196.7550     966.881819       1.96238
   9     786.6      229.2830       55.4477     1135.0326     1190.4804     961.197404       1.93068
   8     812.0      228.7259       56.7957     1127.3582     1184.1539     955.428034       1.91680
   7     837.5      228.2223       58.1238     1119.8555     1177.9793     949.757012       1.87401
   6     863.1      227.7835       59.4260     1112.5351     1171.9611     944.177675       1.83932
   5     888.8      227.4208       60.7028     1105.3724     1166.0751     938.654392       1.81645
   4     914.5      227.1472       61.9649     1098.2902     1160.2551     933.107923       1.81946
   3     940.3      226.9877       63.2070     1091.3055     1154.5125     927.524826       1.82707
   2     966.1      226.9715       64.4239     1084.4341     1148.8580     921.886487       1.84115
   1     992.1      227.1401       65.6165     1077.6699     1143.2864     916.146325       1.86999
   0    1018.0      227.5586       66.7847     1071.0082     1137.7929     910.234288       1.92264

  Modules and versions used in this calculation:

       rrtmg_sw.1col.f90:  $Revision: 11661 $            rrtmg_sw_init.f90:  $Revision: 23308 $
     rrtmgsw_cldprop.f90:  $Revision: 23308 $          rrtmgsw_cldprmc.f90:  NOT USED          
     rrtmg_sw_reftra.f90:  $Revision: 11661 $          rrtmg_sw_spcvrt.f90:  NOT USED          
     rrtmg_sw_spcvmc.f90:  NOT USED                    rrtmgsw_setcoef.f90:  NOT USED          
     rrtmg_sw_taumol.f90:  $Revision: 11661 $          rrtmg_sw_vrtqdr.f90:  NOT USED          
                rrtatm.f:  NOT USED                             util_xxx.f:  NOT USED          
                 extra.f:  NOT USED                       rrtmg_sw_k_g.f90:  $Revision: 11661 $

