

 Wavenumbers:   820. - 50000. cm-1, ATM      1
 LEVEL PRESSURE   UPWARD FLUX   DIFDOWN FLUX  DIRDOWN FLUX  DOWNWARD FLUX   NET FLUX    HEATING RATE
          mb          W/m2          W/m2          W/m2        W/m2          W/m2       degree/day
  51    .06700      175.2514        0.0000     1368.2222     1368.2222    1192.970827       0.00000
  50    .07753      175.2507        0.0012     1368.1932     1368.1944    1192.943631      21.79827
  49    .09103      175.2499        0.0026     1368.1710     1368.1736    1192.923711      12.45035
  48    0.1069      175.2489        0.0043     1368.1465     1368.1508    1192.901848      11.63783
  47    0.1255      175.2479        0.0062     1368.1171     1368.1233    1192.875453      11.96607
  46    0.1487      175.2466        0.0086     1368.0773     1368.0859    1192.839358      13.15719
  45    0.1794      175.2448        0.0120     1368.0188     1368.0308    1192.785954      14.66055
  44    0.2165      175.2429        0.0159     1367.9438     1367.9596    1192.716773      15.73761
  43    0.2613      175.2406        0.0205     1367.8467     1367.8672    1192.626629      16.99170
  42    0.3336      175.2370        0.0281     1367.6714     1367.6995    1192.462407      19.14671
  41    0.4307      175.2326        0.0381     1367.4203     1367.4584    1192.225859      20.56728
  40    0.5894      175.2258        0.0542     1366.9710     1367.0252    1191.799389      22.67915
  39     1.339      175.2040        0.1268     1364.2850     1364.4118    1189.207738      29.17728
  38     1.782      175.1980        0.1668     1362.5473     1362.7141    1187.516104      32.20599
  37     2.292      175.1970        0.2119     1360.6058     1360.8177    1185.620698      31.39286
  36     2.964      175.2049        0.2701     1358.3464     1358.6165    1183.411582      27.73108
  35     3.853      175.2280        0.3462     1355.9275     1356.2737    1181.045760      22.45209
  34     5.035      175.2711        0.4465     1353.4631     1353.9097    1178.638599      17.19576
  33     6.613      175.3358        0.5798     1350.9594     1351.5392    1176.203384      13.01866
  32     8.786      175.4187        0.7584     1348.3953     1349.1538    1173.735087       9.58597
  31     11.80      175.5175        1.0126     1345.5962     1346.6089    1171.091374       7.40156
  30     15.07      175.6005        1.2841     1343.1892     1344.4733    1168.872828       5.72785
  29     18.79      175.6739        1.5891     1340.8798     1342.4689    1166.794989       4.71110
  28     23.16      175.7362        1.9436     1338.5475     1340.4910    1164.754816       3.94503
  27     28.12      175.7795        2.3472     1336.2205     1338.5677    1162.788165       3.34317
  26     33.73      175.7847        2.7979     1333.9798     1336.7777    1160.993001       2.69908
  25     40.54      175.7390        3.3411     1331.6320     1334.9731    1159.234136       2.18207
  24     48.69      175.6327        3.9940     1329.1308     1333.1248    1157.492035       1.80280
  23     57.69      175.4651        4.7085     1326.6685     1331.3770    1155.911846       1.48119
  22     68.43      175.2082        5.5564     1324.0154     1329.5719    1154.363700       1.21705
  21     81.20      174.8189        6.5644     1321.1940     1327.7584    1152.939467       0.94111
  20     96.49      174.2746        7.7610     1318.1331     1325.8941    1151.619476       0.72854
  19     114.6      173.5875        9.1698     1314.6500     1323.8198    1150.232287       0.64772
  18     136.5      172.7401       10.8199     1310.6503     1321.4702    1148.730110       0.57762
  17     162.9      171.6985       12.7579     1305.9530     1318.7109    1147.012446       0.54903
  16     196.4      170.2805       15.2340     1299.8196     1315.0536    1144.773060       0.56368
  15     218.7      169.3231       16.8339     1295.3051     1312.1390    1142.815940       0.74305
  14     243.0      168.2709       18.5496     1289.6743     1308.2239    1139.952972       0.99297
  13     269.0      167.1239       20.3818     1282.5618     1302.9436    1135.819685       1.34082
  12     297.5      165.8891       22.3303     1273.6751     1296.0054    1130.116348       1.69155
  11     328.5      164.8766       38.4415     1244.4077     1282.8492    1117.972660       3.30184
  10     361.9      163.8881       71.4580     1190.1936     1261.6515    1097.763389       5.11315
   9     398.1      162.8745      129.6141     1097.0114     1226.6254    1063.750904       7.92415
   8     437.6      161.7447      180.6534     1009.7986     1190.4520    1028.707323       7.49254
   7     480.5      160.5483      264.2411      863.6928     1127.9340     967.385717      12.04333
   6     533.0      159.0617      326.9496      736.2423     1063.1920     904.130289      10.17579
   5     589.8      157.6935      372.5249      626.2681      998.7930     841.099547       9.35583
   4     651.6      156.4635      402.2033      530.9801      933.1833     776.719866       8.80410
   3     718.7      155.2989      409.3012      482.4939      891.7951     736.496252       5.05499
   2     792.3      154.4615      412.5671      437.0965      849.6636     695.202094       4.73598
   1     891.5      153.7715      406.1188      406.2133      812.3321     658.560660       3.11801
   0    1013.0      155.4579      394.8457      382.4437      777.2894     621.831559       2.55029

  Modules and versions used in this calculation:

       rrtmg_sw.1col.f90:  $Revision: 11661 $            rrtmg_sw_init.f90:  $Revision: 23308 $
     rrtmgsw_cldprop.f90:  $Revision: 23308 $          rrtmgsw_cldprmc.f90:  NOT USED          
     rrtmg_sw_reftra.f90:  $Revision: 11661 $          rrtmg_sw_spcvrt.f90:  NOT USED          
     rrtmg_sw_spcvmc.f90:  NOT USED                    rrtmgsw_setcoef.f90:  NOT USED          
     rrtmg_sw_taumol.f90:  $Revision: 11661 $          rrtmg_sw_vrtqdr.f90:  NOT USED          
                rrtatm.f:  NOT USED                             util_xxx.f:  NOT USED          
                 extra.f:  NOT USED                       rrtmg_sw_k_g.f90:  $Revision: 11661 $

