

 Wavenumbers:   820. - 50000. cm-1, ATM      1
 LEVEL PRESSURE   UPWARD FLUX   DIFDOWN FLUX  DIRDOWN FLUX  DOWNWARD FLUX   NET FLUX    HEATING RATE
          mb          W/m2          W/m2          W/m2        W/m2          W/m2       degree/day
  51    .06700      509.9006        0.0000     1368.2222     1368.2222     858.321610       0.00000
  50    .07753      509.9003        0.0015     1368.1932     1368.1947     858.294333      21.86283
  49    .09103      509.9000        0.0033     1368.1710     1368.1743     858.274297      12.52295
  48    0.1069      509.8996        0.0054     1368.1465     1368.1519     858.252280      11.72000
  47    0.1255      509.8992        0.0078     1368.1171     1368.1249     858.225680      12.05917
  46    0.1487      509.8989        0.0109     1368.0773     1368.0881     858.189283      13.26697
  45    0.1794      509.8984        0.0150     1368.0188     1368.0338     858.135410      14.78941
  44    0.2165      509.8981        0.0199     1367.9438     1367.9637     858.065593      15.88210
  43    0.2613      509.8979        0.0257     1367.8467     1367.8725     857.974589      17.15390
  42    0.3336      509.8979        0.0353     1367.6714     1367.7067     857.808732      19.33733
  41    0.4307      509.8985        0.0479     1367.4203     1367.4682     857.569720      20.78159
  40    0.5894      509.9007        0.0683     1366.9710     1367.0393     857.138547      22.92924
  39     1.339      509.9338        0.1610     1364.2850     1364.4460     854.512219      29.56767
  38     1.782      509.9690        0.2129     1362.5473     1362.7601     852.791170      32.76600
  37     2.292      510.0241        0.2717     1360.6058     1360.8775     850.853352      32.09532
  36     2.964      510.1185        0.3479     1358.3464     1358.6942     848.575724      28.59112
  35     3.853      510.2739        0.4477     1355.9275     1356.3752     846.101323      23.48252
  34     5.035      510.5107        0.5796     1353.4631     1354.0428     843.532064      18.35372
  33     6.613      510.8436        0.7551     1350.9594     1351.7145     840.870900      14.22659
  32     8.786      511.2791        0.9907     1348.3953     1349.3861     838.106959      10.73415
  31     11.80      511.8487        1.3265     1345.5962     1346.9228     835.074111       8.49102
  30     15.07      512.3982        1.6859     1343.1892     1344.8751     832.476926       6.70543
  29     18.79      512.9639        2.0904     1340.8798     1342.9702     830.006287       5.60170
  28     23.16      513.5614        2.5614     1338.5475     1341.1089     827.547480       4.75454
  27     28.12      514.1699        3.0987     1336.2205     1339.3192     825.149350       4.07666
  26     33.73      514.7380        3.6996     1333.9798     1337.6795     822.941500       3.31956
  25     40.54      515.2905        4.4252     1331.6320     1336.0572     820.766675       2.69812
  24     48.69      515.8261        5.2988     1329.1308     1334.4297     818.603533       2.23851
  23     57.69      516.2858        6.2572     1326.6685     1332.9256     816.639793       1.84071
  22     68.43      516.6906        7.3970     1324.0154     1331.4124     814.721819       1.50778
  21     81.20      516.9682        8.7550     1321.1940     1329.9489     812.980760       1.15046
  20     96.49      517.1040       10.3714     1318.1331     1328.5044     811.400386       0.87225
  19     114.6      517.1723       12.2813     1314.6500     1326.9313     809.759036       0.76639
  18     136.5      517.1838       14.5280     1310.6503     1325.1784     807.994565       0.67848
  17     162.9      517.1354       17.1801     1305.9530     1323.1332     805.997789       0.63825
  16     196.4      516.9354       20.5889     1299.8196     1320.4085     803.473066       0.63550
  15     218.7      516.7651       22.8048     1295.3051     1318.1099     801.344855       0.80800
  14     243.0      516.5909       25.1929     1289.6743     1314.8672     798.276280       1.06428
  13     269.0      516.4689       27.7572     1282.5618     1310.3190     793.850095       1.43583
  12     297.5      508.3930      517.0805      768.3224     1285.4029     777.009874       4.99463
  11     328.5      490.9685      791.6447      459.8843     1251.5289     760.560388       4.47257
  10     361.9      490.3817      787.8244      455.9789     1243.8033     753.421579       1.80619
   9     398.1      489.8270      783.6233      451.6920     1235.3152     745.488284       1.84828
   8     437.6      489.3722      778.7468      446.8777     1225.6245     736.252283       1.97471
   7     480.5      489.1077      773.2388      441.5523     1214.7912     725.683485       2.07567
   6     533.0      489.2700      766.1668      434.8387     1201.0055     711.735495       2.24379
   5     589.8      490.5930      758.0870      427.3819     1185.4689     694.875875       2.50252
   4     651.6      311.9989      934.7238       32.0299      966.7537     654.754822       5.48666
   3     718.7      148.2682      771.6083        3.9009      775.5091     627.240926       3.45773
   2     792.3      145.7312      753.7979        3.8003      757.5982     611.866966       1.76322
   1     891.5      142.8676      729.7300        3.6642      733.3942     590.526618       1.81596
   0    1013.0      141.0526      701.7568        3.5060      705.2629     564.210290       1.82728

  Modules and versions used in this calculation:

       rrtmg_sw.1col.f90:  $Revision: 11661 $            rrtmg_sw_init.f90:  $Revision: 23308 $
     rrtmgsw_cldprop.f90:  $Revision: 23308 $          rrtmgsw_cldprmc.f90:  NOT USED          
     rrtmg_sw_reftra.f90:  $Revision: 11661 $          rrtmg_sw_spcvrt.f90:  NOT USED          
     rrtmg_sw_spcvmc.f90:  NOT USED                    rrtmgsw_setcoef.f90:  NOT USED          
     rrtmg_sw_taumol.f90:  $Revision: 11661 $          rrtmg_sw_vrtqdr.f90:  NOT USED          
                rrtatm.f:  NOT USED                             util_xxx.f:  NOT USED          
                 extra.f:  NOT USED                       rrtmg_sw_k_g.f90:  $Revision: 11661 $

