

 Wavenumbers:   820. - 50000. cm-1, ATM      1
 LEVEL PRESSURE   UPWARD FLUX   DIFDOWN FLUX  DIRDOWN FLUX  DOWNWARD FLUX   NET FLUX    HEATING RATE
          mb          W/m2          W/m2          W/m2        W/m2          W/m2       degree/day
  51    .06700      236.7003        0.0000     1368.2222     1368.2222    1131.521907       0.00000
  50    .07753      236.6997        0.0012     1368.1932     1368.1944    1131.494694      21.81215
  49    .09103      236.6990        0.0028     1368.1710     1368.1738    1131.474749      12.46607
  48    0.1069      236.6982        0.0046     1368.1465     1368.1511    1131.452852      11.65574
  47    0.1255      236.6973        0.0066     1368.1171     1368.1238    1131.426412      11.98650
  46    0.1487      236.6963        0.0092     1368.0773     1368.0865    1131.390250      13.18141
  45    0.1794      236.6949        0.0128     1368.0188     1368.0316    1131.336743      14.68912
  44    0.2165      236.6933        0.0169     1367.9438     1367.9607    1131.267420      15.76978
  43    0.2613      236.6915        0.0219     1367.8467     1367.8686    1131.177084      17.02797
  42    0.3336      236.6889        0.0300     1367.6714     1367.7014    1131.012494      19.18951
  41    0.4307      236.6856        0.0407     1367.4203     1367.4610    1130.775391      20.61557
  40    0.5894      236.6811        0.0580     1366.9710     1367.0289    1130.347857      22.73572
  39     1.339      236.6725        0.1358     1364.2850     1364.4208    1127.748309      29.26619
  38     1.782      236.6763        0.1790     1362.5473     1362.7262    1126.049963      32.33378
  37     2.292      236.6886        0.2277     1360.6058     1360.8335    1124.144882      31.55311
  36     2.964      236.7169        0.2907     1358.3464     1358.6370    1121.920143      27.92721
  35     3.853      236.7710        0.3730     1355.9275     1356.3005    1119.529564      22.68703
  34     5.035      236.8594        0.4817     1353.4631     1353.9448    1117.085441      17.45980
  33     6.613      236.9868        0.6261     1350.9594     1351.5855    1114.598679      13.29423
  32     8.786      237.1523        0.8198     1348.3953     1349.2152    1112.062868       9.84817
  31     11.80      237.3617        1.0956     1345.5962     1346.6918    1109.330134       7.65079
  30     15.07      237.5548        1.3903     1343.1892     1344.5796    1107.024735       5.95209
  29     18.79      237.7449        1.7216     1340.8798     1342.6014    1104.856528       4.91599
  28     23.16      237.9347        2.1069     1338.5475     1340.6544    1102.719694       4.13195
  27     28.12      238.1134        2.5459     1336.2205     1338.7664    1100.653010       3.51322
  26     33.73      238.2545        3.0364     1333.9798     1337.0163    1098.761812       2.84347
  25     40.54      238.3541        3.6280     1331.6320     1335.2599    1096.905871       2.30250
  24     48.69      238.4049        4.3393     1329.1308     1333.4702    1095.065285       1.90472
  23     57.69      238.3916        5.1186     1326.6685     1331.7870    1093.395359       1.56530
  22     68.43      238.2984        6.0440     1324.0154     1330.0594    1091.760962       1.28485
  21     81.20      238.0751        7.1450     1321.1940     1328.3389    1090.263864       0.98926
  20     96.49      237.7005        8.4532     1318.1331     1326.5863    1088.885794       0.76060
  19     114.6      237.2035        9.9956     1314.6500     1324.6455    1087.442036       0.67413
  18     136.5      236.5714       11.8046     1310.6503     1322.4550    1085.883587       0.59926
  17     162.9      235.7769       13.9330     1305.9530     1319.8861    1084.109148       0.56718
  16     196.4      234.6573       16.6580     1299.8196     1316.4776    1081.820334       0.57612
  15     218.7      233.8857       18.4224     1295.3051     1313.7275    1079.841819       0.75117
  14     243.0      233.0274       20.3177     1289.6743     1309.9920    1076.964591       0.99792
  13     269.0      232.0765       22.3455     1282.5618     1304.9073    1072.830810       1.34098
  12     297.5      231.0289       24.5066     1273.6751     1298.1816    1067.152732       1.68406
  11     328.5      229.8822       26.8057     1263.7681     1290.5738    1060.691530       1.75678
  10     361.9      228.6330       29.2396     1253.0551     1282.2947    1053.661719       1.77861
   9     398.1      227.2747       31.8115     1241.2931     1273.1046    1045.829880       1.82464
   8     437.6      225.8066       34.5182     1228.0802     1262.5983    1036.791770       1.93240
   7     480.5      224.2257       37.3571     1213.4586     1250.8157    1026.589935       2.00360
   6     533.0      222.2811       40.7642     1195.0177     1235.7819    1013.500768       2.10563
   5     589.8      220.2126       44.3277     1174.5286     1218.8564     998.643741       2.20527
   4     651.6      218.0911       48.0320     1150.8624     1198.8944     980.803356       2.43972
   3     718.7      216.0017       51.8607     1124.7615     1176.6222     960.620494       2.53643
   2     792.3      214.1774       55.7838     1096.0498     1151.8336     937.656252       2.63374
   1     891.5      212.9590       60.7891     1057.2815     1118.0706     905.111617       2.76939
   0    1013.0      215.7352       66.3660     1012.3102     1078.6761     862.940913       2.92813



 Wavenumbers:  2600. -  3250. cm-1, ATM      1
 LEVEL PRESSURE   UPWARD FLUX   DIFDOWN FLUX  DIRDOWN FLUX  DOWNWARD FLUX   NET FLUX    HEATING RATE
          mb          W/m2          W/m2          W/m2        W/m2          W/m2       degree/day
  51    .06700        0.8204        0.0000       12.1096       12.1096      11.289200       0.00000
  50    .07753        0.8204        0.0000       12.1096       12.1096      11.289192       0.00646
  49    .09103        0.8204        0.0000       12.1096       12.1096      11.289182       0.00633
  48    0.1069        0.8204        0.0000       12.1095       12.1095      11.289170       0.00619
  47    0.1255        0.8204        0.0000       12.1095       12.1095      11.289157       0.00605
  46    0.1487        0.8204        0.0000       12.1095       12.1095      11.289140       0.00614
  45    0.1794        0.8204        0.0000       12.1095       12.1095      11.289117       0.00631
  44    0.2165        0.8204        0.0000       12.1095       12.1095      11.289090       0.00619
  43    0.2613        0.8204        0.0000       12.1094       12.1094      11.289058       0.00607
  42    0.3336        0.8204        0.0000       12.1094       12.1094      11.289004       0.00624
  41    0.4307        0.8204        0.0000       12.1093       12.1093      11.288932       0.00628
  40    0.5894        0.8204        0.0000       12.1092       12.1092      11.288810       0.00646
  39     1.339        0.8204        0.0000       12.1085       12.1085      11.288087       0.00814
  38     1.782        0.8204        0.0000       12.1079       12.1079      11.287527       0.01067
  37     2.292        0.8204        0.0000       12.1071       12.1071      11.286780       0.01237
  36     2.964        0.8204        0.0000       12.1060       12.1060      11.285680       0.01381
  35     3.853        0.8204        0.0000       12.1044       12.1044      11.284080       0.01518
  34     5.035        0.8204        0.0000       12.1021       12.1022      11.281785       0.01640
  33     6.613        0.8204        0.0000       12.0989       12.0989      11.278539       0.01735
  32     8.786        0.8204        0.0000       12.0944       12.0944      11.274013       0.01758
  31     11.80        0.8204        0.0000       12.0878       12.0878      11.267480       0.01829
  30     15.07        0.8204        0.0000       12.0810       12.0810      11.260608       0.01774
  29     18.79        0.8204        0.0000       12.0736       12.0736      11.253251       0.01668
  28     23.16        0.8204        0.0000       12.0656       12.0656      11.245254       0.01546
  27     28.12        0.8204        0.0000       12.0572       12.0572      11.236838       0.01431
  26     33.73        0.8204        0.0000       12.0481       12.0482      11.227789       0.01361
  25     40.54        0.8204        0.0000       12.0373       12.0374      11.216988       0.01340
  24     48.69        0.8204        0.0000       12.0244       12.0244      11.204024       0.01342
  23     57.69        0.8204        0.0000       12.0099       12.0099      11.189487       0.01363
  22     68.43        0.8204        0.0000       11.9918       11.9918      11.171397       0.01422
  21     81.20        0.8204        0.0000       11.9689       11.9689      11.148494       0.01513
  20     96.49        0.8205        0.0000       11.9399       11.9399      11.119450       0.01603
  19     114.6        0.8205        0.0000       11.9025       11.9026      11.082051       0.01746
  18     136.5        0.8206        0.0001       11.8564       11.8564      11.035877       0.01776
  17     162.9        0.8207        0.0001       11.7999       11.7999      10.979253       0.01810
  16     196.4        0.8208        0.0001       11.7251       11.7252      10.904367       0.01885
  15     218.7        0.8210        0.0001       11.6722       11.6723      10.851297       0.02015
  14     243.0        0.8213        0.0001       11.6068       11.6069      10.785614       0.02278
  13     269.0        0.8218        0.0001       11.5235       11.5236      10.701773       0.02720
  12     297.5        0.8225        0.0001       11.4197       11.4198      10.597316       0.03098
  11     328.5        0.8235        0.0001       11.3019       11.3020      10.478520       0.03230
  10     361.9        0.8249        0.0001       11.1709       11.1710      10.346115       0.03350
   9     398.1        0.8267        0.0001       11.0216       11.0217      10.194973       0.03521
   8     437.6        0.8293        0.0002       10.8440       10.8442      10.014916       0.03850
   7     480.5        0.8327        0.0002       10.6274       10.6276       9.794881       0.04321
   6     533.0        0.8383        0.0002       10.3165       10.3167       9.478379       0.05092
   5     589.8        0.8465        0.0002        9.9149        9.9151       9.068546       0.06083
   4     651.6        0.8598        0.0002        9.3963        9.3965       8.536756       0.07272
   3     718.7        0.8806        0.0002        8.8015        8.8017       7.921091       0.07737
   2     792.3        0.9157        0.0002        8.1444        8.1446       7.228911       0.07939
   1     891.5        1.0002        0.0002        7.2540        7.2542       6.253949       0.08296
   0    1013.0        1.2404        0.0002        6.2018        6.2020       4.961567       0.08974



 Wavenumbers:  3250. -  4000. cm-1, ATM      1
 LEVEL PRESSURE   UPWARD FLUX   DIFDOWN FLUX  DIRDOWN FLUX  DOWNWARD FLUX   NET FLUX    HEATING RATE
          mb          W/m2          W/m2          W/m2        W/m2          W/m2       degree/day
  51    .06700        0.0012        0.0000       20.3651       20.3651      20.363862       0.00000
  50    .07753        0.0012        0.0000       20.3594       20.3594      20.358143       4.58401
  49    .09103        0.0012        0.0000       20.3541       20.3541      20.352867       3.29802
  48    0.1069        0.0012        0.0000       20.3496       20.3496      20.348404       2.37568
  47    0.1255        0.0012        0.0000       20.3457       20.3457      20.344490       1.77421
  46    0.1487        0.0012        0.0000       20.3418       20.3418      20.340534       1.44214
  45    0.1794        0.0012        0.0000       20.3373       20.3373      20.336052       1.23025
  44    0.2165        0.0012        0.0000       20.3327       20.3327      20.331446       1.04783
  43    0.2613        0.0012        0.0000       20.3278       20.3278      20.326564       0.92018
  42    0.3336        0.0012        0.0000       20.3207       20.3207      20.319481       0.82587
  41    0.4307        0.0012        0.0000       20.3127       20.3127      20.311517       0.69241
  40    0.5894        0.0012        0.0000       20.3019       20.3019      20.300729       0.57371
  39     1.339        0.0012        0.0000       20.2641       20.2641      20.262864       0.42629
  38     1.782        0.0012        0.0000       20.2461       20.2461      20.244876       0.34247
  37     2.292        0.0012        0.0000       20.2279       20.2279      20.226691       0.30119
  36     2.964        0.0012        0.0000       20.2070       20.2070      20.205760       0.26275
  35     3.853        0.0012        0.0000       20.1826       20.1826      20.181351       0.23164
  34     5.035        0.0012        0.0000       20.1535       20.1535      20.152263       0.20779
  33     6.613        0.0012        0.0000       20.1176       20.1176      20.116414       0.19165
  32     8.786        0.0012        0.0000       20.0708       20.0708      20.069628       0.18170
  31     11.80        0.0012        0.0000       20.0032       20.0032      20.002046       0.18921
  30     15.07        0.0012        0.0000       19.9278       19.9279      19.926654       0.19465
  29     18.79        0.0012        0.0000       19.8392       19.8392      19.838033       0.20093
  28     23.16        0.0012        0.0000       19.7326       19.7327      19.731491       0.20602
  27     28.12        0.0012        0.0000       19.6085       19.6085      19.607336       0.21105
  26     33.73        0.0012        0.0000       19.4701       19.4702      19.468981       0.20802
  25     40.54        0.0012        0.0001       19.3074       19.3075      19.306321       0.20180
  24     48.69        0.0012        0.0001       19.1232       19.1233      19.122140       0.19060
  23     57.69        0.0011        0.0001       18.9377       18.9378      18.936676       0.17384
  22     68.43        0.0011        0.0001       18.7381       18.7381      18.737016       0.15696
  21     81.20        0.0011        0.0001       18.5224       18.5225      18.521407       0.14247
  20     96.49        0.0011        0.0001       18.2839       18.2840      18.282913       0.13163
  19     114.6        0.0011        0.0001       18.0015       18.0017      18.000590       0.13183
  18     136.5        0.0010        0.0002       17.6745       17.6746      17.673592       0.12574
  17     162.9        0.0010        0.0002       17.2751       17.2753      17.274253       0.12764
  16     196.4        0.0010        0.0002       16.6908       16.6910      16.690045       0.14705
  15     218.7        0.0010        0.0002       16.1484       16.1486      16.147672       0.20592
  14     243.0        0.0009        0.0003       15.3911       15.3914      15.390427       0.26264
  13     269.0        0.0009        0.0003       14.3800       14.3803      14.379352       0.32799
  12     297.5        0.0009        0.0003       13.1707       13.1710      13.170106       0.35865
  11     328.5        0.0009        0.0003       11.9726       11.9728      11.971949       0.32578
  10     361.9        0.0009        0.0002       10.8093       10.8095      10.808681       0.29432
   9     398.1        0.0008        0.0002        9.6418        9.6421       9.641250       0.27199
   8     437.6        0.0008        0.0002        8.4825        8.4827       8.481875       0.24788
   7     480.5        0.0008        0.0002        7.4139        7.4141       7.413256       0.20987
   6     533.0        0.0009        0.0002        6.2802        6.2804       6.279531       0.18238
   5     589.8        0.0009        0.0002        5.1976        5.1977       5.196831       0.16071
   4     651.6        0.0010        0.0001        4.0957        4.0958       4.094746       0.15071
   3     718.7        0.0014        0.0001        3.0412        3.0413       3.039968       0.13256
   2     792.3        0.0022        0.0001        2.0405        2.0406       2.038388       0.11487
   1     891.5        0.0068        0.0000        1.0363        1.0363       1.029584       0.08584
   0    1013.0        0.0652        0.0000        0.3259        0.3259       0.260710       0.05339



 Wavenumbers:  4000. -  4650. cm-1, ATM      1
 LEVEL PRESSURE   UPWARD FLUX   DIFDOWN FLUX  DIRDOWN FLUX  DOWNWARD FLUX   NET FLUX    HEATING RATE
          mb          W/m2          W/m2          W/m2        W/m2          W/m2       degree/day
  51    .06700        2.9386        0.0000       23.7297       23.7297      20.791118       0.00000
  50    .07753        2.9386        0.0000       23.7297       23.7297      20.791117       0.00080
  49    .09103        2.9386        0.0000       23.7297       23.7297      20.791116       0.00078
  48    0.1069        2.9386        0.0000       23.7297       23.7297      20.791115       0.00076
  47    0.1255        2.9386        0.0000       23.7297       23.7297      20.791113       0.00075
  46    0.1487        2.9386        0.0000       23.7297       23.7297      20.791111       0.00076
  45    0.1794        2.9386        0.0000       23.7297       23.7297      20.791108       0.00078
  44    0.2165        2.9386        0.0000       23.7297       23.7297      20.791105       0.00076
  43    0.2613        2.9386        0.0000       23.7297       23.7297      20.791101       0.00075
  42    0.3336        2.9386        0.0000       23.7297       23.7297      20.791094       0.00077
  41    0.4307        2.9386        0.0000       23.7297       23.7297      20.791085       0.00077
  40    0.5894        2.9386        0.0000       23.7297       23.7297      20.791070       0.00079
  39     1.339        2.9386        0.0000       23.7296       23.7296      20.790981       0.00101
  38     1.782        2.9386        0.0000       23.7295       23.7295      20.790911       0.00133
  37     2.292        2.9386        0.0000       23.7294       23.7294      20.790817       0.00156
  36     2.964        2.9386        0.0000       23.7293       23.7293      20.790677       0.00176
  35     3.853        2.9386        0.0000       23.7291       23.7291      20.790469       0.00197
  34     5.035        2.9386        0.0000       23.7287       23.7288      20.790162       0.00219
  33     6.613        2.9386        0.0000       23.7283       23.7283      20.789709       0.00242
  32     8.786        2.9386        0.0000       23.7276       23.7276      20.789041       0.00260
  31     11.80        2.9386        0.0000       23.7265       23.7266      20.787988       0.00295
  30     15.07        2.9386        0.0001       23.7253       23.7253      20.786750       0.00320
  29     18.79        2.9386        0.0001       23.7237       23.7238      20.785249       0.00340
  28     23.16        2.9386        0.0001       23.7218       23.7219      20.783379       0.00362
  27     28.12        2.9386        0.0001       23.7195       23.7197      20.781106       0.00386
  26     33.73        2.9385        0.0001       23.7167       23.7168      20.778292       0.00423
  25     40.54        2.9385        0.0002       23.7128       23.7130      20.774455       0.00476
  24     48.69        2.9385        0.0002       23.7076       23.7079      20.769309       0.00533
  23     57.69        2.9386        0.0002       23.7015       23.7017      20.763166       0.00576
  22     68.43        2.9386        0.0003       23.6937       23.6940      20.755415       0.00609
  21     81.20        2.9386        0.0003       23.6841       23.6844      20.745794       0.00636
  20     96.49        2.9387        0.0004       23.6723       23.6727      20.734001       0.00651
  19     114.6        2.9388        0.0005       23.6574       23.6579      20.719147       0.00694
  18     136.5        2.9389        0.0006       23.6395       23.6401      20.701122       0.00693
  17     162.9        2.9392        0.0007       23.6174       23.6181      20.678899       0.00710
  16     196.4        2.9396        0.0008       23.5869       23.5877      20.648061       0.00776
  15     218.7        2.9401        0.0009       23.5634       23.5643      20.624180       0.00907
  14     243.0        2.9408        0.0010       23.5313       23.5323      20.591490       0.01134
  13     269.0        2.9418        0.0011       23.4852       23.4863      20.544431       0.01527
  12     297.5        2.9434        0.0012       23.4208       23.4220      20.478564       0.01954
  11     328.5        2.9456        0.0013       23.3411       23.3425      20.396850       0.02222
  10     361.9        2.9485        0.0015       23.2426       23.2441      20.295587       0.02562
   9     398.1        2.9521        0.0016       23.1148       23.1164      20.164313       0.03058
   8     437.6        2.9567        0.0017       22.9436       22.9453      19.988683       0.03755
   7     480.5        2.9624        0.0019       22.7215       22.7234      19.761028       0.04471
   6     533.0        2.9710        0.0021       22.4031       22.4051      19.434150       0.05258
   5     589.8        2.9831        0.0022       22.0169       22.0191      19.036049       0.05909
   4     651.6        3.0017        0.0024       21.5479       21.5503      18.548651       0.06665
   3     718.7        3.0310        0.0026       20.9979       21.0005      17.969457       0.07279
   2     792.3        3.0804        0.0027       20.2782       20.2809      17.200471       0.08819
   1     891.5        3.1983        0.0029       19.0871       19.0900      15.891664       0.11137
   0    1013.0        3.5233        0.0030       17.6135       17.6166      14.093242       0.12487



 Wavenumbers:  4650. -  5150. cm-1, ATM      1
 LEVEL PRESSURE   UPWARD FLUX   DIFDOWN FLUX  DIRDOWN FLUX  DOWNWARD FLUX   NET FLUX    HEATING RATE
          mb          W/m2          W/m2          W/m2        W/m2          W/m2       degree/day
  51    .06700        2.1485        0.0000       22.4277       22.4277      20.279159       0.00000
  50    .07753        2.1485        0.0000       22.4275       22.4275      20.278928       0.18515
  49    .09103        2.1485        0.0000       22.4272       22.4272      20.278639       0.18103
  48    0.1069        2.1485        0.0000       22.4268       22.4268      20.278307       0.17674
  47    0.1255        2.1485        0.0000       22.4265       22.4265      20.277926       0.17241
  46    0.1487        2.1485        0.0000       22.4260       22.4260      20.277448       0.17429
  45    0.1794        2.1485        0.0000       22.4253       22.4253      20.276798       0.17848
  44    0.2165        2.1485        0.0000       22.4246       22.4246      20.276033       0.17402
  43    0.2613        2.1485        0.0000       22.4237       22.4237      20.275134       0.16956
  42    0.3336        2.1485        0.0000       22.4222       22.4222      20.273660       0.17176
  41    0.4307        2.1485        0.0000       22.4203       22.4203      20.271735       0.16745
  40    0.5894        2.1485        0.0000       22.4172       22.4172      20.268656       0.16374
  39     1.339        2.1485        0.0000       22.4036       22.4036      20.255117       0.15242
  38     1.782        2.1485        0.0000       22.3964       22.3964      20.247902       0.13737
  37     2.292        2.1485        0.0000       22.3887       22.3887      20.240182       0.12786
  36     2.964        2.1485        0.0000       22.3795       22.3795      20.230951       0.11587
  35     3.853        2.1485        0.0000       22.3687       22.3687      20.220165       0.10236
  34     5.035        2.1485        0.0000       22.3564       22.3564      20.207876       0.08779
  33     6.613        2.1485        0.0000       22.3428       22.3428      20.194297       0.07259
  32     8.786        2.1485        0.0001       22.3281       22.3281      20.179639       0.05693
  31     11.80        2.1485        0.0001       22.3116       22.3117      20.163153       0.04615
  30     15.07        2.1485        0.0001       22.2969       22.2970      20.148492       0.03785
  29     18.79        2.1485        0.0001       22.2818       22.2819      20.133383       0.03426
  28     23.16        2.1485        0.0001       22.2643       22.2645      20.115960       0.03369
  27     28.12        2.1485        0.0002       22.2435       22.2437      20.095172       0.03534
  26     33.73        2.1486        0.0002       22.2186       22.2188      20.070252       0.03747
  25     40.54        2.1486        0.0003       22.1860       22.1862      20.037615       0.04049
  24     48.69        2.1487        0.0003       22.1433       22.1436      19.994975       0.04413
  23     57.69        2.1488        0.0004       22.0930       22.0934      19.944630       0.04719
  22     68.43        2.1489        0.0004       22.0294       22.0299      19.880954       0.05006
  21     81.20        2.1491        0.0005       21.9499       21.9504      19.801327       0.05262
  20     96.49        2.1494        0.0006       21.8524       21.8530      19.703579       0.05395
  19     114.6        2.1498        0.0007       21.7355       21.7362      19.586463       0.05469
  18     136.5        2.1503        0.0008       21.5989       21.5997      19.449359       0.05272
  17     162.9        2.1511        0.0010       21.4418       21.4428      19.291656       0.05041
  16     196.4        2.1524        0.0012       21.2507       21.2519      19.099487       0.04837
  15     218.7        2.1534        0.0013       21.1320       21.1333      18.979962       0.04538
  14     243.0        2.1547        0.0014       21.0068       21.0083      18.853587       0.04383
  13     269.0        2.1565        0.0016       20.8721       20.8737      18.717238       0.04423
  12     297.5        2.1590        0.0017       20.7227       20.7244      18.565392       0.04504
  11     328.5        2.1624        0.0019       20.5580       20.5598      18.397480       0.04565
  10     361.9        2.1667        0.0020       20.3742       20.3762      18.209545       0.04755
   9     398.1        2.1724        0.0022       20.1649       20.1671      17.994749       0.05004
   8     437.6        2.1797        0.0024       19.9226       19.9249      17.745224       0.05335
   7     480.5        2.1893        0.0026       19.6394       19.6419      17.452641       0.05746
   6     533.0        2.2039        0.0028       19.2551       19.2579      17.054080       0.06412
   5     589.8        2.2240        0.0030       18.7887       18.7917      16.567612       0.07221
   4     651.6        2.2537        0.0032       18.2028       18.2060      15.952314       0.08414
   3     718.7        2.2979        0.0034       17.4942       17.4976      15.199688       0.09458
   2     792.3        2.3662        0.0035       16.6646       16.6681      14.301916       0.10296
   1     891.5        2.5136        0.0037       15.5079       15.5116      12.997989       0.11096
   0    1013.0        2.8445        0.0038       14.2189       14.2227      11.378176       0.11247



 Wavenumbers:  5150. -  6150. cm-1, ATM      1
 LEVEL PRESSURE   UPWARD FLUX   DIFDOWN FLUX  DIRDOWN FLUX  DOWNWARD FLUX   NET FLUX    HEATING RATE
          mb          W/m2          W/m2          W/m2        W/m2          W/m2       degree/day
  51    .06700        5.0680        0.0000       55.6266       55.6266      50.558658       0.00000
  50    .07753        5.0680        0.0000       55.6266       55.6266      50.558620       0.03061
  49    .09103        5.0680        0.0000       55.6265       55.6265      50.558570       0.03108
  48    0.1069        5.0680        0.0000       55.6265       55.6265      50.558511       0.03158
  47    0.1255        5.0680        0.0000       55.6264       55.6264      50.558440       0.03207
  46    0.1487        5.0680        0.0000       55.6263       55.6263      50.558347       0.03379
  45    0.1794        5.0680        0.0000       55.6262       55.6262      50.558216       0.03598
  44    0.2165        5.0680        0.0000       55.6260       55.6260      50.558055       0.03653
  43    0.2613        5.0680        0.0000       55.6258       55.6258      50.557859       0.03711
  42    0.3336        5.0679        0.0000       55.6255       55.6255      50.557522       0.03923
  41    0.4307        5.0679        0.0000       55.6250       55.6250      50.557064       0.03979
  40    0.5894        5.0679        0.0000       55.6242       55.6242      50.556297       0.04082
  39     1.339        5.0679        0.0000       55.6205       55.6205      50.552581       0.04183
  38     1.782        5.0679        0.0000       55.6183       55.6183      50.550405       0.04143
  37     2.292        5.0679        0.0001       55.6158       55.6158      50.547931       0.04098
  36     2.964        5.0679        0.0001       55.6126       55.6127      50.544769       0.03969
  35     3.853        5.0679        0.0001       55.6085       55.6086      50.540721       0.03842
  34     5.035        5.0679        0.0001       55.6032       55.6033      50.535458       0.03759
  33     6.613        5.0679        0.0002       55.5962       55.5964      50.528547       0.03695
  32     8.786        5.0678        0.0002       55.5870       55.5873      50.519444       0.03535
  31     11.80        5.0678        0.0003       55.5743       55.5747      50.506861       0.03523
  30     15.07        5.0678        0.0004       55.5613       55.5617      50.493919       0.03341
  29     18.79        5.0678        0.0005       55.5473       55.5478      50.480031       0.03149
  28     23.16        5.0677        0.0006       55.5317       55.5324      50.464637       0.02977
  27     28.12        5.0677        0.0008       55.5149       55.5156      50.447944       0.02838
  26     33.73        5.0677        0.0009       55.4972       55.4981      50.430477       0.02626
  25     40.54        5.0677        0.0011       55.4774       55.4785      50.410845       0.02436
  24     48.69        5.0676        0.0013       55.4555       55.4569      50.389203       0.02240
  23     57.69        5.0677        0.0016       55.4332       55.4348      50.367099       0.02072
  22     68.43        5.0677        0.0019       55.4083       55.4102      50.342461       0.01937
  21     81.20        5.0678        0.0022       55.3801       55.3824      50.314641       0.01838
  20     96.49        5.0678        0.0027       55.3477       55.3503      50.282505       0.01774
  19     114.6        5.0679        0.0032       55.3096       55.3128      50.244845       0.01758
  18     136.5        5.0681        0.0038       55.2644       55.2682      50.200094       0.01721
  17     162.9        5.0683        0.0045       55.1955       55.2000      50.131730       0.02185
  16     196.4        5.0686        0.0054       55.0458       55.0512      49.982661       0.03752
  15     218.7        5.0688        0.0060       54.8272       54.8332      49.764379       0.08287
  14     243.0        5.0691        0.0066       54.4296       54.4361      49.367011       0.13782
  13     269.0        5.0696        0.0071       53.7152       53.7224      48.652800       0.23169
  12     297.5        5.0703        0.0077       52.5943       52.6020      47.531712       0.33250
  11     328.5        5.0712        0.0083       51.3472       51.3555      46.284312       0.33916
  10     361.9        5.0725        0.0089       50.0532       50.0621      44.989620       0.32757
   9     398.1        5.0743        0.0095       48.5919       48.6013      43.527082       0.34074
   8     437.6        5.0767        0.0100       46.8467       46.8566      41.779961       0.37355
   7     480.5        5.0800        0.0105       44.9062       44.9167      39.836669       0.38166
   6     533.0        5.0855        0.0110       42.5503       42.5613      37.475796       0.37979
   5     589.8        5.0943        0.0116       40.0735       40.0851      34.990767       0.36886
   4     651.6        5.1100        0.0121       37.4591       37.4712      32.361192       0.35960
   3     718.7        5.1378        0.0127       35.0737       35.0864      29.948576       0.30320
   2     792.3        5.1902        0.0134       33.0372       33.0506      27.860351       0.23950
   1     891.5        5.3334        0.0143       31.0021       31.0164      25.682937       0.18529
   0    1013.0        5.7940        0.0152       28.9550       28.9702      23.176182       0.17406



 Wavenumbers:  6150. -  7700. cm-1, ATM      1
 LEVEL PRESSURE   UPWARD FLUX   DIFDOWN FLUX  DIRDOWN FLUX  DOWNWARD FLUX   NET FLUX    HEATING RATE
          mb          W/m2          W/m2          W/m2        W/m2          W/m2       degree/day
  51    .06700        7.6692        0.0000      102.9315      102.9315      95.262313       0.00000
  50    .07753        7.6692        0.0000      102.9315      102.9315      95.262257       0.04522
  49    .09103        7.6692        0.0000      102.9314      102.9314      95.262184       0.04551
  48    0.1069        7.6692        0.0000      102.9313      102.9313      95.262098       0.04583
  47    0.1255        7.6692        0.0000      102.9312      102.9312      95.261996       0.04614
  46    0.1487        7.6692        0.0000      102.9311      102.9311      95.261864       0.04820
  45    0.1794        7.6692        0.0000      102.9309      102.9309      95.261678       0.05094
  44    0.2165        7.6692        0.0000      102.9307      102.9307      95.261453       0.05135
  43    0.2613        7.6692        0.0000      102.9304      102.9304      95.261178       0.05179
  42    0.3336        7.6692        0.0000      102.9299      102.9299      95.260711       0.05440
  41    0.4307        7.6692        0.0000      102.9292      102.9293      95.260080       0.05492
  40    0.5894        7.6692        0.0001      102.9282      102.9282      95.259025       0.05609
  39     1.339        7.6691        0.0001      102.9229      102.9231      95.253941       0.05724
  38     1.782        7.6691        0.0002      102.9198      102.9200      95.250965       0.05666
  37     2.292        7.6690        0.0003      102.9163      102.9166      95.247572       0.05619
  36     2.964        7.6690        0.0003      102.9118      102.9122      95.243216       0.05468
  35     3.853        7.6689        0.0004      102.9061      102.9065      95.237608       0.05322
  34     5.035        7.6688        0.0006      102.8985      102.8991      95.230288       0.05229
  33     6.613        7.6686        0.0008      102.8885      102.8893      95.220644       0.05156
  32     8.786        7.6684        0.0010      102.8753      102.8763      95.207878       0.04958
  31     11.80        7.6682        0.0014      102.8569      102.8583      95.190088       0.04980
  30     15.07        7.6679        0.0017      102.8377      102.8395      95.171599       0.04774
  29     18.79        7.6675        0.0022      102.8169      102.8190      95.151499       0.04557
  28     23.16        7.6671        0.0027      102.7934      102.7960      95.128914       0.04367
  27     28.12        7.6667        0.0032      102.7675      102.7708      95.104072       0.04223
  26     33.73        7.6662        0.0039      102.7400      102.7438      95.077649       0.03973
  25     40.54        7.6656        0.0046      102.7084      102.7130      95.047457       0.03746
  24     48.69        7.6648        0.0056      102.6727      102.6783      95.013484       0.03516
  23     57.69        7.6640        0.0066      102.6356      102.6422      94.978206       0.03307
  22     68.43        7.6630        0.0078      102.5935      102.6013      94.938264       0.03140
  21     81.20        7.6619        0.0093      102.5452      102.5545      94.892567       0.03020
  20     96.49        7.6605        0.0110      102.4888      102.4999      94.839377       0.02936
  19     114.6        7.6589        0.0131      102.4224      102.4355      94.776614       0.02931
  18     136.5        7.6569        0.0156      102.3430      102.3586      94.701672       0.02882
  17     162.9        7.6546        0.0185      102.2275      102.2460      94.591414       0.03524
  16     196.4        7.6517        0.0223      101.9877      102.0100      94.358313       0.05867
  15     218.7        7.6498        0.0247      101.6401      101.6648      94.014982       0.13035
  14     243.0        7.6479        0.0272      101.0087      101.0359      93.388048       0.21744
  13     269.0        7.6460        0.0297      100.0080      100.0378      92.391749       0.32319
  12     297.5        7.6445        0.0322       98.4270       98.4592      90.814734       0.46773
  11     328.5        7.6433        0.0347       96.3832       96.4179      88.774595       0.55471
  10     361.9        7.6427        0.0372       94.0431       94.0803      86.437558       0.59129
   9     398.1        7.6431        0.0397       91.4727       91.5124      83.869217       0.59837
   8     437.6        7.6452        0.0420       88.5450       88.5870      80.941760       0.62591
   7     480.5        7.6496        0.0441       85.1937       85.2378      77.588121       0.65864
   6     533.0        7.6594        0.0463       80.8795       80.9258      73.266394       0.69523
   5     589.8        7.6781        0.0482       76.1321       76.1804      68.502307       0.70715
   4     651.6        7.7155        0.0497       70.7578       70.8075      63.092007       0.73987
   3     718.7        7.7854        0.0508       65.2534       65.3042      57.518781       0.70040
   2     792.3        7.9200        0.0516       59.7878       59.8395      51.919446       0.64218
   1     891.5        8.2839        0.0525       53.3862       53.4387      45.154832       0.57564
   0    1013.0        9.4576        0.0536       47.2343       47.2879      37.830299       0.50858



 Wavenumbers:  7700. -  8050. cm-1, ATM      1
 LEVEL PRESSURE   UPWARD FLUX   DIFDOWN FLUX  DIRDOWN FLUX  DOWNWARD FLUX   NET FLUX    HEATING RATE
          mb          W/m2          W/m2          W/m2        W/m2          W/m2       degree/day
  51    .06700        4.0621        0.0000       24.2936       24.2936      20.231538       0.00000
  50    .07753        4.0621        0.0000       24.2936       24.2936      20.231518       0.01635
  49    .09103        4.0621        0.0000       24.2936       24.2936      20.231492       0.01602
  48    0.1069        4.0621        0.0000       24.2935       24.2935      20.231463       0.01568
  47    0.1255        4.0621        0.0000       24.2935       24.2935      20.231429       0.01535
  46    0.1487        4.0621        0.0000       24.2935       24.2935      20.231386       0.01557
  45    0.1794        4.0621        0.0000       24.2934       24.2934      20.231328       0.01602
  44    0.2165        4.0621        0.0000       24.2934       24.2934      20.231259       0.01572
  43    0.2613        4.0621        0.0000       24.2933       24.2933      20.231177       0.01542
  42    0.3336        4.0621        0.0000       24.2932       24.2932      20.231042       0.01578
  41    0.4307        4.0622        0.0000       24.2930       24.2930      20.230862       0.01561
  40    0.5894        4.0622        0.0000       24.2927       24.2928      20.230569       0.01560
  39     1.339        4.0624        0.0001       24.2915       24.2916      20.229181       0.01562
  38     1.782        4.0625        0.0001       24.2908       24.2908      20.228366       0.01552
  37     2.292        4.0626        0.0001       24.2899       24.2900      20.227422       0.01563
  36     2.964        4.0628        0.0001       24.2888       24.2889      20.226182       0.01556
  35     3.853        4.0630        0.0002       24.2873       24.2875      20.224544       0.01554
  34     5.035        4.0632        0.0002       24.2854       24.2856      20.222368       0.01555
  33     6.613        4.0636        0.0003       24.2827       24.2831      20.219459       0.01555
  32     8.786        4.0641        0.0004       24.2792       24.2797      20.215538       0.01523
  31     11.80        4.0648        0.0006       24.2742       24.2748      20.209927       0.01571
  30     15.07        4.0656        0.0008       24.2688       24.2695      20.203901       0.01556
  29     18.79        4.0665        0.0009       24.2626       24.2636      20.197092       0.01544
  28     23.16        4.0675        0.0012       24.2555       24.2566      20.189137       0.01538
  27     28.12        4.0687        0.0014       24.2473       24.2487      20.180040       0.01546
  26     33.73        4.0700        0.0017       24.2382       24.2399      20.169860       0.01531
  25     40.54        4.0716        0.0020       24.2272       24.2292      20.157563       0.01526
  24     48.69        4.0736        0.0024       24.2139       24.2163      20.142743       0.01534
  23     57.69        4.0757        0.0029       24.1993       24.2022      20.126473       0.01525
  22     68.43        4.0783        0.0034       24.1820       24.1854      20.107109       0.01522
  21     81.20        4.0814        0.0040       24.1614       24.1655      20.084063       0.01523
  20     96.49        4.0852        0.0048       24.1370       24.1418      20.056639       0.01514
  19     114.6        4.0896        0.0057       24.1081       24.1138      20.024131       0.01518
  18     136.5        4.0950        0.0067       24.0740       24.0807      19.985680       0.01479
  17     162.9        4.1015        0.0080       24.0335       24.0415      19.939999       0.01460
  16     196.4        4.1102        0.0096       23.9814       23.9911      19.880923       0.01487
  15     218.7        4.1159        0.0107       23.9474       23.9581      19.842198       0.01470
  14     243.0        4.1223        0.0119       23.9105       23.9224      19.800124       0.01459
  13     269.0        4.1293        0.0131       23.8707       23.8838      19.754482       0.01481
  12     297.5        4.1371        0.0145       23.8276       23.8421      19.704997       0.01468
  11     328.5        4.1458        0.0160       23.7811       23.7971      19.651296       0.01460
  10     361.9        4.1554        0.0176       23.7309       23.7485      19.593101       0.01472
   9     398.1        4.1661        0.0193       23.6767       23.6960      19.529854       0.01474
   8     437.6        4.1782        0.0211       23.6180       23.6391      19.460891       0.01474
   7     480.5        4.1918        0.0231       23.5542       23.5773      19.385539       0.01480
   6     533.0        4.2095        0.0255       23.4742       23.4997      19.290213       0.01533
   5     589.8        4.2303        0.0281       23.3851       23.4132      19.182891       0.01593
   4     651.6        4.2554        0.0309       23.2831       23.3140      19.058633       0.01699
   3     718.7        4.2863        0.0339       23.1644       23.1983      18.911974       0.01843
   2     792.3        4.3261        0.0370       23.0222       23.0592      18.733134       0.02051
   1     891.5        4.3942        0.0412       22.7992       22.8404      18.446193       0.02442
   0    1013.0        4.5055        0.0460       22.4817       22.5276      18.022118       0.02945



 Wavenumbers:  8050. - 12850. cm-1, ATM      1
 LEVEL PRESSURE   UPWARD FLUX   DIFDOWN FLUX  DIRDOWN FLUX  DOWNWARD FLUX   NET FLUX    HEATING RATE
          mb          W/m2          W/m2          W/m2        W/m2          W/m2       degree/day
  51    .06700       50.5353        0.0000      345.7425      345.7425     295.207234       0.00000
  50    .07753       50.5353        0.0000      345.7425      345.7425     295.207234       0.00000
  49    .09103       50.5352        0.0001      345.7424      345.7425     295.207234       0.00000
  48    0.1069       50.5352        0.0001      345.7424      345.7425     295.207234       0.00000
  47    0.1255       50.5352        0.0001      345.7423      345.7424     295.207234       0.00000
  46    0.1487       50.5352        0.0002      345.7422      345.7424     295.207234       0.00000
  45    0.1794       50.5351        0.0003      345.7421      345.7423     295.207234       0.00000
  44    0.2165       50.5351        0.0004      345.7419      345.7423     295.207234       0.00000
  43    0.2613       50.5350        0.0005      345.7417      345.7422     295.207234       0.00000
  42    0.3336       50.5349        0.0007      345.7415      345.7421     295.207234       0.00000
  41    0.4307       50.5347        0.0009      345.7411      345.7420     295.207234       0.00000
  40    0.5894       50.5345        0.0013      345.7404      345.7417     295.207234       0.00000
  39     1.339       50.5334        0.0031      345.7375      345.7406     295.207234       0.00000
  38     1.782       50.5327        0.0042      345.7357      345.7399     295.207234       0.00000
  37     2.292       50.5319        0.0054      345.7337      345.7391     295.207234       0.00000
  36     2.964       50.5309        0.0071      345.7311      345.7381     295.207234       0.00000
  35     3.853       50.5296        0.0092      345.7276      345.7368     295.207234       0.00000
  34     5.035       50.5278        0.0121      345.7229      345.7350     295.207234       0.00000
  33     6.613       50.5254        0.0160      345.7167      345.7326     295.207234       0.00000
  32     8.786       50.5222        0.0211      345.7083      345.7294     295.207234       0.00000
  31     11.80       50.5176        0.0286      345.6963      345.7248     295.207234       0.00000
  30     15.07       50.5126        0.0365      345.6833      345.7199     295.207234       0.00000
  29     18.79       50.5070        0.0456      345.6687      345.7143     295.207234       0.00000
  28     23.16       50.5005        0.0561      345.6516      345.7077     295.207234       0.00000
  27     28.12       50.4930        0.0682      345.6321      345.7002     295.207234       0.00000
  26     33.73       50.4846        0.0817      345.6101      345.6918     295.207234       0.00000
  25     40.54       50.4744        0.0981      345.5836      345.6817     295.207234       0.00000
  24     48.69       50.4622        0.1179      345.5516      345.6694     295.207234       0.00000
  23     57.69       50.4487        0.1396      345.5163      345.6559     295.207234       0.00000
  22     68.43       50.4326        0.1656      345.4742      345.6398     295.207234       0.00000
  21     81.20       50.4133        0.1965      345.4241      345.6206     295.207234       0.00000
  20     96.49       50.3904        0.2335      345.3641      345.5976     295.207234       0.00000
  19     114.6       50.3631        0.2774      345.2869      345.5643     295.201184       0.00283
  18     136.5       50.3307        0.3297      345.1947      345.5244     295.193650       0.00290
  17     162.9       50.2921        0.3920      345.0811      345.4732     295.181074       0.00402
  16     196.4       50.2418        0.4731      344.9172      345.3903     295.148474       0.00821
  15     218.7       50.2089        0.5265      344.7689      345.2953     295.086473       0.02354
  14     243.0       50.1733        0.5844      344.5241      345.1085     294.935227       0.05246
  13     269.0       50.1355        0.6471      344.1018      344.7489     294.613347       0.10442
  12     297.5       50.0963        0.7145      343.4260      344.1406     294.044293       0.16878
  11     328.5       50.0558        0.7873      342.5473      343.3345     293.278732       0.20815
  10     361.9       50.0151        0.8653      341.4758      342.3410     292.325989       0.24105
   9     398.1       49.9757        0.9487      340.1708      341.1195     291.143879       0.27541
   8     437.6       49.9405        1.0374      338.5267      339.5641     289.623567       0.32505
   7     480.5       49.9131        1.1311      336.4527      337.5839     287.670798       0.38352
   6     533.0       49.8985        1.2443      333.4135      334.6579     284.759341       0.46836
   5     589.8       49.9183        1.3627      329.4248      330.7875     280.869254       0.57742
   4     651.6       50.0142        1.4833      323.8933      325.3766     275.362366       0.75308
   3     718.7       50.2419        1.6050      316.7376      318.3426     268.100616       0.91260
   2     792.3       50.7280        1.7247      307.7391      309.4638     258.735835       1.07404
   1     891.5       52.0744        1.8683      294.2633      296.1316     244.057227       1.24908
   0    1013.0       55.9341        2.0207      277.6498      279.6705     223.736365       1.41098



 Wavenumbers: 12850. - 16000. cm-1, ATM      1
 LEVEL PRESSURE   UPWARD FLUX   DIFDOWN FLUX  DIRDOWN FLUX  DOWNWARD FLUX   NET FLUX    HEATING RATE
          mb          W/m2          W/m2          W/m2        W/m2          W/m2       degree/day
  51    .06700       39.8957        0.0000      218.1870      218.1870     178.291254       0.00000
  50    .07753       39.8957        0.0001      218.1861      218.1862     178.290466       0.63100
  49    .09103       39.8957        0.0001      218.1850      218.1851     178.289474       0.62044
  48    0.1069       39.8956        0.0002      218.1837      218.1840     178.288328       0.60986
  47    0.1255       39.8956        0.0003      218.1823      218.1826     178.287005       0.59971
  46    0.1487       39.8956        0.0004      218.1804      218.1809     178.285326       0.61200
  45    0.1794       39.8955        0.0006      218.1779      218.1785     178.283024       0.63201
  44    0.2165       39.8955        0.0008      218.1750      218.1758     178.280290       0.62201
  43    0.2613       39.8955        0.0010      218.1714      218.1725     178.277040       0.61260
  42    0.3336       39.8954        0.0014      218.1656      218.1671     178.271657       0.62758
  41    0.4307       39.8954        0.0020      218.1580      218.1600     178.264556       0.61744
  40    0.5894       39.8955        0.0028      218.1457      218.1485     178.253030       0.61292
  39     1.339       39.8974        0.0068      218.0892      218.0960     178.198577       0.61304
  38     1.782       39.8996        0.0092      218.0565      218.0656     178.166005       0.62013
  37     2.292       39.9032        0.0119      218.0183      218.0302     178.126972       0.64648
  36     2.964       39.9096        0.0155      217.9671      217.9826     178.072974       0.67784
  35     3.853       39.9202        0.0202      217.8974      217.9176     177.997412       0.71710
  34     5.035       39.9365        0.0265      217.8041      217.8306     177.894063       0.73828
  33     6.613       39.9594        0.0349      217.6827      217.7176     177.758133       0.72668
  32     8.786       39.9891        0.0461      217.5294      217.5755     177.586391       0.66699
  31     11.80       40.0272        0.0623      217.3294      217.3916     177.364455       0.62135
  30     15.07       40.0629        0.0796      217.1333      217.2129     177.149964       0.55377
  29     18.79       40.0987        0.0991      216.9274      217.0265     176.927814       0.50368
  28     23.16       40.1352        0.1220      216.7041      216.8261     176.690843       0.45823
  27     28.12       40.1708        0.1481      216.4684      216.6165     176.445747       0.41665
  26     33.73       40.2017        0.1773      216.2326      216.4098     176.208165       0.35721
  25     40.54       40.2288        0.2126      215.9796      216.1922     175.963440       0.30361
  24     48.69       40.2515        0.2552      215.7062      215.9614     175.709903       0.26237
  23     57.69       40.2667        0.3020      215.4366      215.7386     175.471878       0.22311
  22     68.43       40.2745        0.3578      215.1493      215.5071     175.232627       0.18808
  21     81.20       40.2694        0.4244      214.8538      215.2782     175.008790       0.14791
  20     96.49       40.2501        0.5039      214.5471      215.0510     174.800916       0.11473
  19     114.6       40.2264        0.5988      214.2096      214.8084     174.582025       0.10221
  18     136.5       40.1924        0.7114      213.8344      214.5458     174.353375       0.08792
  17     162.9       40.1466        0.8456      213.4121      214.2577     174.111123       0.07743
  16     196.4       40.0757        1.0197      212.9032      213.9229     173.847216       0.06643
  15     218.7       40.0250        1.1341      212.5812      213.7152     173.690211       0.05961
  14     243.0       39.9680        1.2584      212.2334      213.4918     173.523744       0.05774
  13     269.0       39.9046        1.3932      211.8560      213.2492     173.344558       0.05813
  12     297.5       39.8348        1.5389      211.4423      212.9812     173.146458       0.05875
  11     328.5       39.7591        1.6963      210.9867      212.6830     172.923929       0.06051
  10     361.9       39.6778        1.8658      210.4838      212.3496     172.671793       0.06379
   9     398.1       39.5914        2.0482      209.9275      211.9757     172.384312       0.06698
   8     437.6       39.5009        2.2440      209.3080      211.5520     172.051073       0.07125
   7     480.5       39.4075        2.4537      208.6182      211.0718     171.664344       0.07595
   6     533.0       39.2999        2.7113      207.7266      210.4378     171.137947       0.08468
   5     589.8       39.1981        2.9880      206.6950      209.6830     170.484971       0.09692
   4     651.6       39.1187        3.2831      205.4481      208.7312     169.612527       0.11931
   3     718.7       39.0736        3.5956      203.9569      207.5525     168.478928       0.14246
   2     792.3       39.1006        3.9220      202.1171      206.0392     166.938601       0.17666
   1     891.5       39.3229        4.3460      199.2039      203.5498     164.226949       0.23075
   0    1013.0       40.0051        4.8307      195.1947      200.0255     160.020369       0.29208



 Wavenumbers: 16000. - 22650. cm-1, ATM      1
 LEVEL PRESSURE   UPWARD FLUX   DIFDOWN FLUX  DIRDOWN FLUX  DOWNWARD FLUX   NET FLUX    HEATING RATE
          mb          W/m2          W/m2          W/m2        W/m2          W/m2       degree/day
  51    .06700       75.9461        0.0000      347.1923      347.1923     271.246250       0.00000
  50    .07753       75.9459        0.0003      347.1917      347.1921     271.246129       0.09684
  49    .09103       75.9458        0.0007      347.1910      347.1917     271.245953       0.10984
  48    0.1069       75.9456        0.0012      347.1901      347.1913     271.245718       0.12525
  47    0.1255       75.9455        0.0017      347.1891      347.1909     271.245403       0.14277
  46    0.1487       75.9453        0.0024      347.1878      347.1902     271.244939       0.16918
  45    0.1794       75.9450        0.0033      347.1859      347.1892     271.244213       0.19920
  44    0.2165       75.9447        0.0044      347.1835      347.1880     271.243229       0.22388
  43    0.2613       75.9445        0.0057      347.1806      347.1864     271.241894       0.25169
  42    0.3336       75.9442        0.0079      347.1756      347.1835     271.239355       0.29599
  41    0.4307       75.9439        0.0108      347.1686      347.1794     271.235528       0.33273
  40    0.5894       75.9437        0.0154      347.1565      347.1719     271.228230       0.38811
  39     1.339       75.9484        0.0375      347.0852      347.1227     271.174307       0.60707
  38     1.782       75.9553        0.0505      347.0332      347.0836     271.128369       0.87459
  37     2.292       75.9671        0.0655      346.9635      347.0290     271.061870       1.10141
  36     2.964       75.9886        0.0852      346.8575      346.9427     270.954131       1.35245
  35     3.853       76.0253        0.1112      346.6973      346.8085     270.783155       1.62260
  34     5.035       76.0823        0.1457      346.4646      346.6103     270.528025       1.82254
  33     6.613       76.1626        0.1918      346.1442      346.3360     270.173377       1.89595
  32     8.786       76.2665        0.2539      345.7244      345.9782     269.711742       1.79282
  31     11.80       76.3988        0.3425      345.1654      345.5079     269.109163       1.68703
  30     15.07       76.5218        0.4376      344.6134      345.0510     268.529219       1.49730
  29     18.79       76.6437        0.5449      344.0333      344.5782     267.934543       1.34831
  28     23.16       76.7662        0.6701      343.4055      344.0756     267.309380       1.20886
  27     28.12       76.8833        0.8132      342.7451      343.5583     266.675033       1.07835
  26     33.73       76.9812        0.9732      342.0868      343.0601     266.078887       0.89632
  25     40.54       77.0611        1.1665      341.3840      342.5505     265.489382       0.73135
  24     48.69       77.1202        1.3995      340.6262      342.0256     264.905459       0.60427
  23     57.69       77.1489        1.6552      339.8797      341.5349     264.386025       0.48689
  22     68.43       77.1441        1.9598      339.0825      341.0422     263.898165       0.38352
  21     81.20       77.0849        2.3227      338.2566      340.5793     263.494386       0.26681
  20     96.49       76.9647        2.7551      337.3869      340.1421     263.177359       0.17498
  19     114.6       76.7955        3.2677      336.4155      339.6832     262.887708       0.13525
  18     136.5       76.5761        3.8736      335.3051      339.1787     262.602603       0.10963
  17     162.9       76.2969        4.5928      334.0209      338.6137     262.316826       0.09135
  16     196.4       75.8977        5.5223      332.4350      337.9573     262.059607       0.06475
  15     218.7       75.6211        6.1306      331.4233      337.5539     261.932799       0.04814
  14     243.0       75.3126        6.7898      330.3377      337.1275     261.814938       0.04088
  13     269.0       74.9699        7.5019      329.1760      336.6779     261.707992       0.03469
  12     297.5       74.5911        8.2688      327.9346      336.2034     261.612245       0.02840
  11     328.5       74.1756        9.0942      326.6003      335.6945     261.518891       0.02538
  10     361.9       73.7216        9.9792      325.1704      335.1497     261.428010       0.02299
   9     398.1       73.2261       10.9274      323.6375      334.5649     261.338801       0.02078
   8     437.6       72.6869       11.9407      321.9948      333.9355     261.248559       0.01929
   7     480.5       72.1012       13.0213      320.2369      333.2582     261.156938       0.01799
   6     533.0       71.3702       14.3435      318.0737      332.4172     261.047014       0.01768
   5     589.8       70.5713       15.7590      315.7366      331.4956     260.924289       0.01822
   4     651.6       69.7025       17.2697      313.2071      330.4768     260.774303       0.02051
   3     718.7       68.7606       18.8773      310.4673      329.3446     260.583945       0.02392
   2     792.3       67.7483       20.5802      307.4899      328.0701     260.321837       0.03006
   1     891.5       66.3869       22.8452      303.3747      326.2199     259.833024       0.04160
   0    1013.0       64.7625       25.5117      298.3008      323.8124     259.049927       0.05437



 Wavenumbers: 22650. - 29000. cm-1, ATM      1
 LEVEL PRESSURE   UPWARD FLUX   DIFDOWN FLUX  DIRDOWN FLUX  DOWNWARD FLUX   NET FLUX    HEATING RATE
          mb          W/m2          W/m2          W/m2        W/m2          W/m2       degree/day
  51    .06700       38.6700        0.0000      129.4950      129.4950      90.825048       0.00000
  50    .07753       38.6698        0.0004      129.4945      129.4949      90.825048       0.00000
  49    .09103       38.6696        0.0009      129.4938      129.4947      90.825048       0.00000
  48    0.1069       38.6694        0.0015      129.4930      129.4945      90.825048       0.00000
  47    0.1255       38.6692        0.0022      129.4920      129.4942      90.825048       0.00000
  46    0.1487       38.6689        0.0030      129.4909      129.4939      90.825048       0.00000
  45    0.1794       38.6684        0.0042      129.4893      129.4935      90.825048       0.00000
  44    0.2165       38.6679        0.0056      129.4874      129.4930      90.825048       0.00000
  43    0.2613       38.6673        0.0072      129.4852      129.4924      90.825048       0.00000
  42    0.3336       38.6663        0.0099      129.4815      129.4914      90.825048       0.00000
  41    0.4307       38.6650        0.0134      129.4766      129.4900      90.825048       0.00000
  40    0.5894       38.6628        0.0193      129.4686      129.4879      90.825048       0.00000
  39     1.339       38.6526        0.0469      129.4308      129.4777      90.825048       0.00000
  38     1.782       38.6466        0.0631      129.4086      129.4716      90.825048       0.00000
  37     2.292       38.6396        0.0818      129.3829      129.4647      90.825048       0.00000
  36     2.964       38.6305        0.1065      129.3491      129.4555      90.825048       0.00000
  35     3.853       38.6184        0.1390      129.3045      129.4435      90.825048       0.00000
  34     5.035       38.6023        0.1822      129.2452      129.4274      90.825048       0.00000
  33     6.613       38.5808        0.2399      129.1660      129.4059      90.825048       0.00000
  32     8.786       38.5518        0.3176      129.0593      129.3769      90.825048       0.00000
  31     11.80       38.5103        0.4286      128.9067      129.3353      90.825048       0.00000
  30     15.07       38.4655        0.5477      128.7428      129.2906      90.825048       0.00000
  29     18.79       38.4148        0.6821      128.5578      129.2399      90.825048       0.00000
  28     23.16       38.3555        0.8388      128.3417      129.1805      90.825048       0.00000
  27     28.12       38.2874        1.0176      128.0948      129.1124      90.825048       0.00000
  26     33.73       38.2109        1.2172      127.8187      129.0359      90.825048       0.00000
  25     40.54       38.1182        1.4576      127.4856      128.9432      90.825048       0.00000
  24     48.69       38.0059        1.7464      127.0845      128.8309      90.825048       0.00000
  23     57.69       37.8819        2.0622      126.6447      128.7069      90.825048       0.00000
  22     68.43       37.7334        2.4363      126.1222      128.5585      90.825048       0.00000
  21     81.20       37.5554        2.8790      125.5015      128.3805      90.825048       0.00000
  20     96.49       37.3418        3.4022      124.7646      128.1668      90.825048       0.00000
  19     114.6       37.0859        4.0173      123.8937      127.9110      90.825048       0.00000
  18     136.5       36.7797        4.7376      122.8672      127.6048      90.825048       0.00000
  17     162.9       36.4109        5.5829      121.6531      127.2360      90.825048       0.00000
  16     196.4       35.9260        6.6588      120.0922      126.7510      90.825048       0.00000
  15     218.7       35.6034        7.3529      119.0755      126.4284      90.825048       0.00000
  14     243.0       35.2491        8.0964      117.9777      126.0741      90.825048       0.00000
  13     269.0       34.8606        8.8891      116.7966      125.6857      90.825048       0.00000
  12     297.5       34.4358        9.7308      115.5300      125.2608      90.825048       0.00000
  11     328.5       33.9705       10.6229      114.1726      124.7955      90.825048       0.00000
  10     361.9       33.4624       11.5635      112.7240      124.2874      90.825048       0.00000
   9     398.1       32.9072       12.5527      111.1795      123.7322      90.825048       0.00000
   8     437.6       32.3012       13.5886      109.5376      123.1262      90.825048       0.00000
   7     480.5       31.6403       14.6689      107.7964      122.4653      90.825048       0.00000
   6     533.0       30.8103       15.9562      105.6791      121.6353      90.825048       0.00000
   5     589.8       29.8949       17.2921      103.4278      120.7199      90.825048       0.00000
   4     651.6       28.8860       18.6692      101.0418      119.7110      90.825048       0.00000
   3     718.7       27.7742       20.0792       98.5200      118.5992      90.825048       0.00000
   2     792.3       26.5505       21.5102       95.8653      117.3756      90.825048       0.00000
   1     891.5       24.8431       23.3129       92.3552      115.6681      90.825048       0.00000
   0    1013.0       22.7063       25.2821       88.2492      113.5313      90.825048       0.00000



 Wavenumbers: 29000. - 38000. cm-1, ATM      1
 LEVEL PRESSURE   UPWARD FLUX   DIFDOWN FLUX  DIRDOWN FLUX  DOWNWARD FLUX   NET FLUX    HEATING RATE
          mb          W/m2          W/m2          W/m2        W/m2          W/m2       degree/day
  51    .06700        8.5145        0.0000       50.1523       50.1523      41.637791       0.00000
  50    .07753        8.5143        0.0003       50.1473       50.1476      41.633367       3.54572
  49    .09103        8.5140        0.0008       50.1401       50.1409      41.626928       4.02471
  48    0.1069        8.5137        0.0013       50.1307       50.1320      41.618300       4.59227
  47    0.1255        8.5134        0.0019       50.1183       50.1202      41.606750       5.23616
  46    0.1487        8.5130        0.0026       50.1002       50.1028      41.589731       6.20374
  45    0.1794        8.5125        0.0036       50.0721       50.0757      41.563155       7.29575
  44    0.2165        8.5120        0.0048       50.0344       50.0392      41.527194       8.18056
  43    0.2613        8.5114        0.0061       49.9839       49.9900      41.478583       9.16296
  42    0.3336        8.5105        0.0084       49.8889       49.8973      41.386821      10.69854
  41    0.4307        8.5094        0.0114       49.7483       49.7597      41.250282      11.87174
  40    0.5894        8.5079        0.0161       49.4878       49.5039      40.995992      13.52285
  39     1.339        8.5060        0.0367       47.8174       47.8541      39.348131      18.55191
  38     1.782        8.5081        0.0474       46.6730       46.7203      38.212233      21.62567
  37     2.292        8.5133        0.0587       45.3434       45.4021      36.888806      21.91941
  36     2.964        8.5244        0.0726       43.7362       43.8088      35.284428      20.13979
  35     3.853        8.5449        0.0900       41.9746       42.0646      33.519682      16.74776
  34     5.035        8.5781        0.1121       40.2001       40.3121      31.734079      12.75561
  33     6.613        8.6262        0.1405       38.4851       38.6256      29.999434       9.27341
  32     8.786        8.6903        0.1779       36.8671       37.0450      28.354688       6.38760
  31     11.80        8.7753        0.2300       35.2901       35.5202      26.744824       4.50711
  30     15.07        8.8591        0.2848       34.0913       34.3762      25.517104       3.16973
  29     18.79        8.9474        0.3453       33.0597       33.4050      24.457577       2.40227
  28     23.16        9.0435        0.4147       32.1193       32.5340      23.490497       1.87002
  27     28.12        9.1446        0.4927       31.2687       31.7614      22.616813       1.48520
  26     33.73        9.2409        0.5798       30.5315       31.1113      21.870418       1.12222
  25     40.54        9.3354        0.6846       29.8352       30.5198      21.184452       0.85102
  24     48.69        9.4277        0.8103       29.1638       29.9741      20.546331       0.66036
  23     57.69        9.5065        0.9477       28.5644       29.5120      20.005471       0.50697
  22     68.43        9.5732        1.1106       27.9785       29.0890      19.515865       0.38490
  21     81.20        9.6090        1.3058       27.4249       28.7307      19.121729       0.26044
  20     96.49        9.6078        1.5388       26.8873       28.4262      18.818398       0.16742
  19     114.6        9.5832        1.8109       26.3177       28.1286      18.545410       0.12747
  18     136.5        9.5386        2.1246       25.6938       27.8183      18.279764       0.10215
  17     162.9        9.4710        2.4868       25.0011       27.4880      18.016978       0.08400
  16     196.4        9.3486        2.9446       24.1882       27.1328      17.784202       0.05859
  15     218.7        9.2540        3.2345       23.6879       26.9224      17.668464       0.04394
  14     243.0        9.1436        3.5402       23.1643       26.7046      17.560959       0.03729
  13     269.0        9.0156        3.8611       22.6184       26.4795      17.463909       0.03148
  12     297.5        8.8683        4.1958       22.0504       26.2463      17.378002       0.02548
  11     328.5        8.7026        4.5424       21.4557       25.9981      17.295485       0.02244
  10     361.9        8.5172        4.8982       20.8358       25.7340      17.216870       0.01989
   9     398.1        8.3099        5.2618       20.1904       25.4522      17.142331       0.01737
   8     437.6        8.0794        5.6299       19.5201       25.1499      17.070572       0.01534
   7     480.5        7.8233        5.9997       18.8264       24.8260      17.002716       0.01333
   6     533.0        7.4962        6.4209       18.0047       24.4256      16.929366       0.01180
   5     589.8        7.1297        6.8323       17.1563       23.9887      16.858973       0.01045
   4     651.6        6.7203        7.2280       16.2835       23.5115      16.791240       0.00926
   3     718.7        6.2635        7.6000       15.3898       22.9898      16.726269       0.00817
   2     792.3        5.7548        7.9380       14.4810       22.4190      16.664200       0.00712
   1     891.5        5.0373        8.3019       13.3260       21.6279      16.590672       0.00626
   0    1013.0        4.1286        8.5990       12.0440       20.6430      16.514395       0.00530



 Wavenumbers: 38000. - 50000. cm-1, ATM      1
 LEVEL PRESSURE   UPWARD FLUX   DIFDOWN FLUX  DIRDOWN FLUX  DOWNWARD FLUX   NET FLUX    HEATING RATE
          mb          W/m2          W/m2          W/m2        W/m2          W/m2       degree/day
  51    .06700        0.0084        0.0000        3.0799        3.0799       3.071563       0.00000
  50    .07753        0.0083        0.0001        3.0772        3.0773       3.068994       2.05872
  49    .09103        0.0082        0.0002        3.0734        3.0736       3.065322       2.29510
  48    0.1069        0.0082        0.0003        3.0684        3.0686       3.060485       2.57473
  47    0.1255        0.0081        0.0004        3.0618        3.0622       3.054108       2.89110
  46    0.1487        0.0079        0.0005        3.0522        3.0528       3.044844       3.37675
  45    0.1794        0.0078        0.0007        3.0376        3.0383       3.030554       3.92311
  44    0.2165        0.0076        0.0010        3.0181        3.0191       3.011451       4.34561
  43    0.2613        0.0074        0.0013        2.9921        2.9934       2.985944       4.80796
  42    0.3336        0.0071        0.0017        2.9439        2.9456       2.938479       5.53389
  41    0.4307        0.0067        0.0022        2.8736        2.8758       2.869056       6.03621
  40    0.5894        0.0061        0.0029        2.7462        2.7491       2.743005       6.70325
  39     1.339        0.0041        0.0045        2.0096        2.0141       2.009928       8.25311
  38     1.782        0.0033        0.0044        1.5830        1.5873       1.583971       8.10952
  37     2.292        0.0027        0.0038        1.1691        1.1730       1.170277       6.85186
  36     2.964        0.0021        0.0032        0.7869        0.7901       0.788012       4.79858
  35     3.853        0.0017        0.0026        0.5021        0.5047       0.503024       2.70459
  34     5.035        0.0013        0.0021        0.3194        0.3215       0.320200       1.30602
  33     6.613        0.0010        0.0017        0.2040        0.2058       0.204735       0.61727
  32     8.786        0.0008        0.0014        0.1313        0.1328       0.131950       0.28267
  31     11.80        0.0006        0.0012        0.0833        0.0844       0.083798       0.13481
  30     15.07        0.0005        0.0009        0.0566        0.0575       0.057031       0.06911
  29     18.79        0.0003        0.0007        0.0387        0.0394       0.039037       0.04080
  28     23.16        0.0003        0.0006        0.0259        0.0264       0.026187       0.02485
  27     28.12        0.0002        0.0004        0.0171        0.0175       0.017277       0.01515
  26     33.73        0.0001        0.0003        0.0112        0.0115       0.011390       0.00885
  25     40.54        0.0001        0.0002        0.0071        0.0073       0.007255       0.00513
  24     48.69        0.0001        0.0001        0.0043        0.0045       0.004418       0.00294
  23     57.69        0.0000        0.0001        0.0026        0.0027       0.002674       0.00163
  22     68.43        0.0000        0.0001        0.0015        0.0016       0.001536       0.00089
  21     81.20        0.0000        0.0000        0.0008        0.0009       0.000840       0.00046
  20     96.49        0.0000        0.0000        0.0004        0.0004       0.000430       0.00023
  19     114.6        0.0000        0.0000        0.0002        0.0002       0.000197       0.00011
  18     136.5        0.0000        0.0000        0.0001        0.0001       0.000078       0.00005
  17     162.9        0.0000        0.0000        0.0000        0.0000       0.000026       0.00002
  16     196.4        0.0000        0.0000        0.0000        0.0000       0.000007       0.00000
  15     218.7        0.0000        0.0000        0.0000        0.0000       0.000003       0.00000
  14     243.0        0.0000        0.0000        0.0000        0.0000       0.000001       0.00000
  13     269.0        0.0000        0.0000        0.0000        0.0000       0.000001       0.00000
  12     297.5        0.0000        0.0000        0.0000        0.0000       0.000000       0.00000
  11     328.5        0.0000        0.0000        0.0000        0.0000       0.000000       0.00000
  10     361.9        0.0000        0.0000        0.0000        0.0000       0.000000       0.00000
   9     398.1        0.0000        0.0000        0.0000        0.0000       0.000000       0.00000
   8     437.6        0.0000        0.0000        0.0000        0.0000       0.000000       0.00000
   7     480.5        0.0000        0.0000        0.0000        0.0000       0.000000       0.00000
   6     533.0        0.0000        0.0000        0.0000        0.0000       0.000000       0.00000
   5     589.8        0.0000        0.0000        0.0000        0.0000       0.000000       0.00000
   4     651.6        0.0000        0.0000        0.0000        0.0000       0.000000       0.00000
   3     718.7        0.0000        0.0000        0.0000        0.0000       0.000000       0.00000
   2     792.3        0.0000        0.0000        0.0000        0.0000       0.000000       0.00000
   1     891.5        0.0000        0.0000        0.0000        0.0000       0.000000       0.00000
   0    1013.0        0.0000        0.0000        0.0000        0.0000       0.000000       0.00000



 Wavenumbers:   820. -  2600. cm-1, ATM      1
 LEVEL PRESSURE   UPWARD FLUX   DIFDOWN FLUX  DIRDOWN FLUX  DOWNWARD FLUX   NET FLUX    HEATING RATE
          mb          W/m2          W/m2          W/m2        W/m2          W/m2       degree/day
  51    .06700        0.4225        0.0000       12.8894       12.8894      12.466919       0.00000
  50    .07753        0.4225        0.0000       12.8761       12.8761      12.453680      10.61129
  49    .09103        0.4225        0.0000       12.8732       12.8732      12.450740       1.83722
  48    0.1069        0.4225        0.0000       12.8711       12.8711      12.448672       1.10117
  47    0.1255        0.4225        0.0000       12.8688       12.8688      12.446312       1.06978
  46    0.1487        0.4225        0.0000       12.8658       12.8658      12.443297       1.09885
  45    0.1794        0.4225        0.0000       12.8617       12.8617      12.439216       1.12030
  44    0.2165        0.4225        0.0000       12.8570       12.8570      12.434533       1.06532
  43    0.2613        0.4225        0.0000       12.8517       12.8517      12.429271       0.99189
  42    0.3336        0.4225        0.0000       12.8438       12.8438      12.421385       0.91945
  41    0.4307        0.4225        0.0000       12.8349       12.8349      12.412412       0.78021
  40    0.5894        0.4225        0.0000       12.8226       12.8226      12.400163       0.65137
  39     1.339        0.4225        0.0000       12.7748       12.7748      12.352330       0.53851
  38     1.782        0.4225        0.0000       12.7486       12.7486      12.326150       0.49842
  37     2.292        0.4225        0.0000       12.7197       12.7197      12.297280       0.47816
  36     2.964        0.4225        0.0000       12.6835       12.6835      12.261080       0.45442
  35     3.853        0.4225        0.0000       12.6375       12.6375      12.215070       0.43665
  34     5.035        0.4225        0.0000       12.5791       12.5791      12.156591       0.41775
  33     6.613        0.4225        0.0000       12.5056       12.5056      12.083107       0.39285
  32     8.786        0.4225        0.0000       12.4131       12.4131      11.990635       0.35913
  31     11.80        0.4225        0.0000       12.2906       12.2906      11.868070       0.34315
  30     15.07        0.4225        0.0000       12.1697       12.1697      11.747210       0.31204
  29     18.79        0.4225        0.0000       12.0493       12.0493      11.626736       0.27315
  28     23.16        0.4225        0.0000       11.9343       11.9343      11.511732       0.22238
  27     28.12        0.4226        0.0000       11.8359       11.8359      11.413349       0.16725
  26     33.73        0.4226        0.0000       11.7599       11.7599      11.337368       0.11424
  25     40.54        0.4226        0.0000       11.7004       11.7004      11.277816       0.07388
  24     48.69        0.4226        0.0000       11.6536       11.6536      11.231015       0.04843
  23     57.69        0.4227        0.0000       11.6139       11.6139      11.191292       0.03723
  22     68.43        0.4227        0.0000       11.5705       11.5706      11.147870       0.03414
  21     81.20        0.4227        0.0000       11.5203       11.5203      11.097543       0.03326
  20     96.49        0.4228        0.0000       11.4607       11.4607      11.037943       0.03289
  19     114.6        0.4228        0.0000       11.3895       11.3895      10.966622       0.03330
  18     136.5        0.4229        0.0000       11.3046       11.3046      10.881672       0.03267
  17     162.9        0.4230        0.0000       11.1939       11.1939      10.770869       0.03542
  16     196.4        0.4232        0.0000       11.0151       11.0152      10.591922       0.04504
  15     218.7        0.4234        0.0000       10.8376       10.8376      10.414150       0.06749
  14     243.0        0.4238        0.0000       10.5521       10.5521      10.128373       0.09912
  13     269.0        0.4242        0.0000       10.1583       10.1584       9.734131       0.12789
  12     297.5        0.4250        0.0000        9.7088        9.7089       9.283864       0.13354
  11     328.5        0.4260        0.0000        9.3204        9.3204       8.894441       0.10588
  10     361.9        0.4273        0.0000        8.9411        8.9411       8.513801       0.09631
   9     398.1        0.4290        0.0000        8.5030        8.5031       8.074071       0.10245
   8     437.6        0.4312        0.0000        7.9908        7.9908       7.559640       0.10999
   7     480.5        0.4338        0.0000        7.4717        7.4717       7.037954       0.10246
   6     533.0        0.4376        0.0000        6.9611        6.9611       6.523508       0.08276
   5     589.8        0.4432        0.0000        6.5794        6.5794       6.136202       0.05749
   4     651.6        0.4524        0.0000        6.2459        6.2459       5.793571       0.04686
   3     718.7        0.4673        0.0000        5.8634        5.8635       5.396153       0.04994
   2     792.3        0.4943        0.0000        5.3824        5.3824       4.888114       0.05827
   1     891.5        0.5642        0.0000        4.6857        4.6857       4.121551       0.06523
   0    1013.0        0.7681        0.0000        3.8406        3.8406       3.072514       0.07284

  Modules and versions used in this calculation:

       rrtmg_sw.1col.f90:  $Revision: 11661 $            rrtmg_sw_init.f90:  $Revision: 23308 $
     rrtmgsw_cldprop.f90:  $Revision: 23308 $          rrtmgsw_cldprmc.f90:  NOT USED          
     rrtmg_sw_reftra.f90:  $Revision: 11661 $          rrtmg_sw_spcvrt.f90:  NOT USED          
     rrtmg_sw_spcvmc.f90:  NOT USED                    rrtmgsw_setcoef.f90:  NOT USED          
     rrtmg_sw_taumol.f90:  $Revision: 11661 $          rrtmg_sw_vrtqdr.f90:  NOT USED          
                rrtatm.f:  NOT USED                             util_xxx.f:  NOT USED          
                 extra.f:  NOT USED                       rrtmg_sw_k_g.f90:  $Revision: 11661 $

