

 Wavenumbers:   820. - 50000. cm-1, ATM      1
 LEVEL PRESSURE   UPWARD FLUX   DIFDOWN FLUX  DIRDOWN FLUX  DOWNWARD FLUX   NET FLUX    HEATING RATE
          mb          W/m2          W/m2          W/m2        W/m2          W/m2       degree/day
  51    .06700      375.8631        0.0000     1368.2222     1368.2222     992.359092       0.00000
  50    .07753      375.8627        0.0014     1368.1932     1368.1945     992.331845      21.83870
  49    .09103      375.8622        0.0030     1368.1710     1368.1740     992.311852      12.49583
  48    0.1069      375.8616        0.0050     1368.1465     1368.1515     992.289893      11.68934
  47    0.1255      375.8610        0.0072     1368.1171     1368.1244     992.263369      12.02447
  46    0.1487      375.8603        0.0101     1368.0773     1368.0873     992.227085      13.22609
  45    0.1794      375.8594        0.0139     1368.0188     1368.0328     992.173386      14.74147
  44    0.2165      375.8584        0.0185     1367.9438     1367.9622     992.103806      15.82839
  43    0.2613      375.8575        0.0238     1367.8467     1367.8706     992.013121      17.09366
  42    0.3336      375.8562        0.0327     1367.6714     1367.7041     991.847870      19.26659
  41    0.4307      375.8549        0.0444     1367.4203     1367.4647     991.609772      20.70212
  40    0.5894      375.8539        0.0633     1366.9710     1367.0342     991.180341      22.83657
  39     1.339      375.8668        0.1487     1364.2850     1364.4337     988.566845      29.42323
  38     1.782      375.8869        0.1963     1362.5473     1362.7436     986.856677      32.55885
  37     2.292      375.9215        0.2502     1360.6058     1360.8560     984.934551      31.83541
  36     2.964      375.9840        0.3199     1358.3464     1358.6663     982.682277      28.27284
  35     3.853      376.0907        0.4113     1355.9275     1356.3388     980.248063      23.10114
  34     5.035      376.2562        0.5318     1353.4631     1353.9950     977.738800      17.92514
  33     6.613      376.4903        0.6921     1350.9594     1351.6515     975.161252      13.77957
  32     8.786      376.7960        0.9073     1348.3953     1349.3026     972.506685      10.30938
  31     11.80      377.1923        1.2138     1345.5962     1346.8100     969.617716       8.08820
  30     15.07      377.5704        1.5416     1343.1892     1344.7309     967.160412       6.34428
  29     18.79      377.9554        1.9104     1340.8798     1342.7902     964.834752       5.27299
  28     23.16      378.3567        2.3396     1338.5475     1340.8870     962.530286       4.45609
  27     28.12      378.7584        2.8289     1336.2205     1339.0494     960.291030       3.80658
  26     33.73      379.1208        3.3759     1333.9798     1337.3558     958.234952       3.09137
  25     40.54      379.4551        4.0361     1331.6320     1335.6680     956.212955       2.50852
  24     48.69      379.7570        4.8305     1329.1308     1333.9614     954.204383       2.07856
  23     57.69      379.9885        5.7015     1326.6685     1332.3699     952.381424       1.70875
  22     68.43      380.1528        6.7367     1324.0154     1330.7521     950.599303       1.40099
  21     81.20      380.1881        7.9693     1321.1940     1329.1632     948.975080       1.07326
  20     96.49      380.0769        9.4353     1318.1331     1327.5684     947.491545       0.81880
  19     114.6      379.8705       11.1659     1314.6500     1325.8159     945.945358       0.72196
  18     136.5      379.5694       13.1991     1310.6503     1323.8495     944.280087       0.64034
  17     162.9      379.1584       15.5957     1305.9530     1321.5488     942.390377       0.60403
  16     196.4      378.5112       18.6709     1299.8196     1318.4905     939.979319       0.60689
  15     218.7      378.0482       20.6665     1295.3051     1315.9716     937.923463       0.78053
  14     243.0      377.5407       22.8142     1289.6743     1312.4885     934.947833       1.03205
  13     269.0      377.0142       25.1168     1282.5618     1307.6786     930.664404       1.38952
  12     297.5      367.3149      269.7798     1017.1131     1286.8929     919.577935       3.28813
  11     328.5      352.7877      405.4853      855.6062     1261.0915     908.303800       3.06541
  10     361.9      351.8705      404.7948      848.3049     1253.0998     901.229299       1.78992
   9     398.1      350.9136      403.9947      840.2805     1244.2752     893.361660       1.83298
   8     437.6      349.9498      402.9334      831.2578     1234.1911     884.241305       1.94999
   7     480.5      349.0225      401.6243      821.2732     1222.8974     873.874940       2.03591
   6     533.0      348.1234      399.8131      808.6952     1208.5083     860.384919       2.17012
   5     589.8      347.7482      397.5601      794.7547     1192.3148     844.566570       2.34796
   4     651.6      265.1227      664.1468      415.3558     1079.5026     814.379880       4.12811
   3     718.7      181.6677      591.9587      380.0132      971.9719     790.304240       3.02564
   2     792.3      179.3598      580.1653      370.0504      950.2157     770.855891       2.23051
   1     891.5      177.1217      564.1444      356.5320      920.6764     743.554678       2.32320
   0    1013.0      177.2626      545.4284      340.8846      886.3130     709.050372       2.39581

  Modules and versions used in this calculation:

       rrtmg_sw.1col.f90:  $Revision: 1.7 $              rrtmg_sw_init.f90:  $Revision: 1.4 $  
     rrtmgsw_cldprop.f90:  NOT USED                    rrtmgsw_cldprmc.f90:  $Revision: 1.7 $  
     rrtmg_sw_reftra.f90:  $Revision: 1.4 $            rrtmg_sw_spcvrt.f90:  NOT USED          
     rrtmg_sw_spcvmc.f90:  NOT USED                    rrtmgsw_setcoef.f90:  NOT USED          
     rrtmg_sw_taumol.f90:  $Revision: 1.4 $            rrtmg_sw_vrtqdr.f90:  NOT USED          
                rrtatm.f:  NOT USED                             util_xxx.f:  NOT USED          
                 extra.f:  NOT USED                       rrtmg_sw_k_g.f90:  $Revision: 1.3 $  

