

 Wavenumbers:   820. - 50000. cm-1, ATM      1
 LEVEL PRESSURE   UPWARD FLUX   DIFDOWN FLUX  DIRDOWN FLUX  DOWNWARD FLUX   NET FLUX    HEATING RATE
          mb          W/m2          W/m2          W/m2        W/m2          W/m2       degree/day
  51    .06700      509.9705        0.0000     1368.2222     1368.2222     858.251737       0.00000
  50    .07753      509.9702        0.0015     1368.1932     1368.1947     858.224460      21.86285
  49    .09103      509.9698        0.0033     1368.1710     1368.1743     858.204424      12.52296
  48    0.1069      509.9695        0.0054     1368.1465     1368.1519     858.182407      11.72002
  47    0.1255      509.9691        0.0078     1368.1171     1368.1249     858.155807      12.05919
  46    0.1487      509.9687        0.0109     1368.0773     1368.0881     858.119410      13.26699
  45    0.1794      509.9683        0.0150     1368.0188     1368.0338     858.065537      14.78944
  44    0.2165      509.9680        0.0199     1367.9438     1367.9637     857.995720      15.88213
  43    0.2613      509.9678        0.0257     1367.8467     1367.8725     857.904716      17.15393
  42    0.3336      509.9678        0.0353     1367.6714     1367.7067     857.738858      19.33736
  41    0.4307      509.9684        0.0479     1367.4203     1367.4682     857.499845      20.78162
  40    0.5894      509.9706        0.0683     1366.9710     1367.0393     857.068671      22.92928
  39     1.339      510.0036        0.1610     1364.2850     1364.4460     854.442339      29.56773
  38     1.782      510.0388        0.2129     1362.5473     1362.7601     852.721285      32.76609
  37     2.292      510.0940        0.2717     1360.6058     1360.8775     850.783461      32.09543
  36     2.964      510.1884        0.3479     1358.3464     1358.6942     848.505822      28.59125
  35     3.853      510.3438        0.4477     1355.9275     1356.3752     846.031405      23.48267
  34     5.035      510.5806        0.5796     1353.4631     1354.0428     843.462122      18.35389
  33     6.613      510.9136        0.7551     1350.9594     1351.7145     840.800925      14.22676
  32     8.786      511.3491        0.9907     1348.3953     1349.3861     838.036940      10.73432
  31     11.80      511.9188        1.3266     1345.5962     1346.9228     835.004035       8.49118
  30     15.07      512.4684        1.6859     1343.1892     1344.8752     832.406795       6.70557
  29     18.79      513.0342        2.0904     1340.8798     1342.9703     829.936099       5.60183
  28     23.16      513.6317        2.5615     1338.5475     1341.1089     827.477233       4.75465
  27     28.12      514.2403        3.0988     1336.2205     1339.3193     825.079042       4.07676
  26     33.73      514.8085        3.6998     1333.9798     1337.6796     822.871134       3.31965
  25     40.54      515.3610        4.4253     1331.6320     1336.0573     820.696252       2.69819
  24     48.69      515.8968        5.2990     1329.1308     1334.4298     818.533052       2.23857
  23     57.69      516.3565        6.2573     1326.6685     1332.9258     816.569259       1.84076
  22     68.43      516.7614        7.3972     1324.0154     1331.4126     814.651232       1.50783
  21     81.20      517.0390        8.7552     1321.1940     1329.9492     812.910125       1.15050
  20     96.49      517.1750       10.3717     1318.1331     1328.5047     811.329705       0.87228
  19     114.6      517.2433       12.2817     1314.6500     1326.9316     809.688302       0.76642
  18     136.5      517.2550       14.5284     1310.6503     1325.1788     807.923771       0.67850
  17     162.9      517.2067       17.1806     1305.9530     1323.1337     805.926926       0.63827
  16     196.4      517.0069       20.5894     1299.8196     1320.4091     803.402120       0.63552
  15     218.7      516.8367       22.8054     1295.3051     1318.1105     801.273855       0.80802
  14     243.0      516.6627       25.1936     1289.6743     1314.8679     798.205218       1.06431
  13     269.0      516.5409       27.7580     1282.5618     1310.3198     793.778956       1.43586
  12     297.5      508.4821      517.0821      768.3224     1285.4046     776.922418       4.99947
  11     328.5      491.0799      791.6473      459.8843     1251.5315     760.451588       4.47837
  10     361.9      490.4936      787.8271      455.9789     1243.8060     753.312387       1.80629
   9     398.1      489.9396      783.6261      451.6920     1235.3180     745.378485       1.84842
   8     437.6      489.4859      778.7497      446.8777     1225.6274     736.141532       1.97492
   7     480.5      489.2229      773.2418      441.5523     1214.7942     725.571261       2.07596
   6     533.0      489.3881      766.1700      434.8387     1201.0087     711.620559       2.24422
   5     589.8      490.7160      758.0903      427.3819     1185.4723     694.756264       2.50321
   4     651.6      312.4025      934.7711       32.0299      966.8010     654.398436       5.51904
   3     718.7      148.3323      772.3269        3.9045      776.2314     627.899102       3.33023
   2     792.3      145.7965      754.3872        3.8038      758.1910     612.394510       1.77820
   1     891.5      142.9355      730.1833        3.6676      733.8509     590.915333       1.82777
   0    1013.0      141.1277      702.1290        3.5094      705.6384     564.510719       1.83341

  Modules and versions used in this calculation:

       rrtmg_sw.1col.f90:  $Revision: 1.7 $              rrtmg_sw_init.f90:  $Revision: 1.4 $  
     rrtmgsw_cldprop.f90:  $Revision: 1.7 $            rrtmgsw_cldprmc.f90:  NOT USED          
     rrtmg_sw_reftra.f90:  $Revision: 1.4 $            rrtmg_sw_spcvrt.f90:  NOT USED          
     rrtmg_sw_spcvmc.f90:  NOT USED                    rrtmgsw_setcoef.f90:  NOT USED          
     rrtmg_sw_taumol.f90:  $Revision: 1.4 $            rrtmg_sw_vrtqdr.f90:  NOT USED          
                rrtatm.f:  NOT USED                             util_xxx.f:  NOT USED          
                 extra.f:  NOT USED                       rrtmg_sw_k_g.f90:  $Revision: 1.3 $  

